 382.0, 0.116,000.90,001.04,000.11,25.0
 388.0, 0.337,000.90,000.10,000.45,25.0
 398.0, 0.444,001.83,000.11,001.75,25.0
 404.0, 1.606,005.24,000.35,023.79,25.0
 412.0, 2.225,017.01,000.79,079.38,25.0
 421.0, 2.467,037.24,001.85,183.71,25.0
 428.0, 3.125,054.52,002.99,253.30,25.0
 435.0, 3.561,088.14,004.99,319.65,25.0
 444.0, 4.635,143.76,012.43,455.12,25.0
 451.0, 5.000,151.86,019.53,498.68,25.0
 456.0, 3.938,107.62,019.17,378.57,25.0
 462.0, 6.104,130.99,034.89,505.97,25.0
 470.0, 6.888,118.04,048.45,422.81,25.0
 478.0, 7.297,109.94,077.15,320.82,25.0
 487.0, 7.076,074.13,121.41,216.10,25.0
 494.0, 9.432,043.22,228.66,200.87,25.0
 504.0, 8.168,016.41,280.73,105.09,25.0
 514.0, 9.282,020.07,498.04,062.74,25.0
 520.0,11.116,037.44,696.64,052.10,25.0
 526.0, 9.813,058.59,672.58,028.15,25.0
 532.0, 9.890,112.68,719.95,015.95,25.0
 539.0,12.064,249.07,885.60,008.84,25.0
 548.0, 9.401,278.13,693.76,003.96,25.0
 555.0,14.113,583.22,1035.7,003.92,25.0
 563.0,15.821,845.12,1156.3,003.19,25.0
 570.0,12.884,809.39,887.78,002.11,25.0
 576.0,17.719,1207.9,1119.2,002.56,25.0
 584.0,15.697,1140.8,845.10,001.90,25.0
 590.0,12.695,954.34,622.13,001.42,25.0
 597.0,18.589,1434.2,803.38,001.85,25.0
 605.0, 9.874,765.87,357.19,000.90,25.0
 611.0, 9.830,734.50,301.27,000.88,25.0
 616.0,11.961,843.45,310.23,001.03,25.0
 627.0,12.058,707.74,196.58,001.10,25.0
 634.0,11.820,574.52,128.71,001.22,25.0
 644.0,10.357,390.54,069.56,001.35,25.0
 651.0,11.802,329.84,051.38,001.98,25.0
 660.0,10.721,200.22,028.56,002.24,25.0
 666.0,10.914,146.48,020.17,002.28,25.0
 672.0,11.137,098.80,013.28,001.98,25.0
 678.0,12.118,069.27,009.45,001.62,25.0
 688.0, 9.035,028.34,004.06,000.84,25.0
 695.0, 5.417,009.89,001.53,000.40,25.0
 704.0, 9.681,008.92,001.49,000.55,25.0
 708.0, 9.903,006.99,001.19,000.53,25.0
 714.0, 5.904,002.60,000.46,000.29,25.0
 721.0, 8.270,002.19,000.39,000.37,25.0
 728.0, 6.281,001.03,000.20,000.27,25.0
 734.0, 4.710,000.54,000.11,000.20,25.0
 742.0, 6.863,000.50,000.12,000.23,25.0
 747.0, 4.615,000.29,000.07,000.15,25.0
 757.0, 4.153,000.19,000.05,000.14,25.0
 798.0,27.301,000.80,000.53,000.62,25.0
 826.0,37.380,002.22,002.30,001.31,25.0
 851.0,33.818,004.19,002.47,001.93,25.0
