 382.0, 0.116,000.91,001.11,000.12,25.0
 388.0, 0.337,000.78,000.08,000.69,25.0
 398.0, 0.444,001.38,000.08,003.15,25.0
 404.0, 1.606,005.81,000.34,035.17,25.0
 412.0, 2.222,021.17,000.78,102.23,25.0
 421.0, 2.747,041.60,001.90,204.40,25.0
 428.0, 3.125,061.40,003.08,267.74,25.0
 435.0, 3.561,093.58,005.20,327.42,25.0
 444.0, 4.635,139.53,013.43,447.69,25.0
 451.0, 5.000,140.61,021.10,469.95,25.0
 456.0, 3.938,093.88,020.38,337.59,25.0
 462.0, 6.104,114.08,036.67,420.13,25.0
 470.0, 6.888,113.00,052.24,336.55,25.0
 478.0, 7.297,105.72,085.10,255.48,25.0
 487.0, 7.076,057.83,135.13,169.79,25.0
 494.0, 9.432,029.42,252.17,156.01,25.0
 504.0, 8.168,014.85,308.98,081.35,25.0
 514.0, 9.282,024.42,550.50,044.44,25.0
 520.0,11.116,048.84,765.24,034.71,25.0
 526.0, 9.813,079.09,735.89,017.94,25.0
 532.0, 9.890,149.01,786.16,010.20,25.0
 539.0,12.064,308.39,966.24,006.02,25.0
 548.0, 9.401,330.69,761.43,002.96,25.0
 555.0,14.113,676.29,1147.0,003.26,25.0
 563.0,15.821,940.93,1283.5,002.89,25.0
 570.0,12.884,866.81,984.15,002.08,25.0
 576.0,17.719,1269.9,1244.3,002.71,25.0
 584.0,15.697,1199.8,948.06,002.33,25.0
 590.0,12.695,1009.3,703.98,001.91,25.0
 597.0,18.589,1507.2,910.02,002.85,25.0
 605.0, 9.874,786.76,403.68,001.62,25.0
 611.0, 9.830,741.05,337.34,001.73,25.0
 616.0,11.961,842.92,345.90,002.18,25.0
 627.0,12.058,700.77,217.10,002.54,25.0
 634.0,11.820,565.83,142.26,002.78,25.0
 644.0,10.357,377.52,077.52,002.72,25.0
 651.0,11.802,310.08,057.61,003.11,25.0
 660.0,10.721,182.42,032.10,002.51,25.0
 666.0,10.914,132.53,022.77,002.16,25.0
 672.0,11.137,089.38,015.15,001.75,25.0
 678.0,12.118,062.92,010.92,001.52,25.0
 688.0, 9.035,025.73,004.78,000.88,25.0
 695.0, 5.417,008.88,001.81,000.45,25.0
 704.0, 9.681,007.85,001.77,000.64,25.0
 708.0, 9.904,006.16,001.41,000.60,25.0
 714.0, 5.904,002.30,000.55,000.34,25.0
 721.0, 8.270,001.98,000.46,000.40,25.0
 728.0, 6.281,000.95,000.23,000.28,25.0
 734.0, 4.710,000.52,000.12,000.20,25.0
 742.0, 6.863,000.50,000.14,000.24,25.0
 747.0, 4.615,000.28,000.08,000.16,25.0
 757.0, 4.153,000.20,000.07,000.14,25.0
 798.0,27.301,001.02,000.65,000.65,25.0
 826.0,37.380,003.01,003.23,001.26,25.0
 851.0,33.818,005.03,003.10,001.73,25.0
