 382.0, 0.116,000.74,000.95,000.09,25.0
 388.0, 0.337,000.63,000.05,000.48,25.0
 398.0, 0.444,001.11,000.06,002.14,25.0
 404.0, 1.606,004.95,000.26,027.09,25.0
 412.0, 2.222,015.95,000.60,084.47,25.0
 421.0, 2.747,030.97,001.43,179.24,25.0
 428.0, 3.125,046.37,002.37,240.89,25.0
 435.0, 3.561,071.92,004.03,301.09,25.0
 444.0, 4.635,108.24,010.14,426.99,25.0
 451.0, 5.000,108.94,016.25,462.38,25.0
 456.0, 3.938,073.44,016.25,344.23,25.0
 462.0, 6.104,090.56,030.10,446.99,25.0
 470.0, 6.888,088.48,041.90,366.77,25.0
 478.0, 7.297,081.12,067.35,282.90,25.0
 487.0, 7.076,045.56,107.05,195.26,25.0
 494.0, 9.432,024.65,202.50,183.67,25.0
 504.0, 8.168,013.63,248.83,097.27,25.0
 514.0, 9.282,025.08,447.03,056.25,25.0
 520.0,11.116,049.13,632.70,045.20,25.0
 526.0, 9.813,074.36,619.31,023.77,25.0
 532.0, 9.890,129.78,670.61,013.63,25.0
 539.0,12.064,254.57,834.65,008.11,25.0
 548.0, 9.401,269.51,658.48,004.11,25.0
 555.0,14.113,551.45,989.60,004.88,25.0
 563.0,15.821,773.11,1113.6,004.84,25.0
 570.0,12.884,716.28,863.82,003.72,25.0
 576.0,17.719,1048.3,1100.0,005.13,25.0
 584.0,15.697,988.66,837.59,005.18,25.0
 590.0,12.695,1231.0,801.06,009.83,25.0
 597.0,18.589,1229.0,798.58,009.78,25.0
 605.0, 9.874,640.43,361.05,006.42,25.0
 611.0, 9.830,601.61,307.49,006.59,25.0
 616.0,11.961,680.84,320.35,007.83,25.0
 627.0,12.058,555.62,207.00,006.82,25.0
 634.0,11.820,441.03,136.97,005.73,25.0
 644.0,10.357,286.53,074.44,004.19,25.0
 651.0,11.802,230.51,055.11,003.99,25.0
 660.0,10.721,133.94,030.65,002.92,25.0
 666.0,10.914,096.43,021.61,002.50,25.0
 672.0,11.137,064.24,014.17,002.05,25.0
 678.0,12.118,044.93,009.98,001.83,25.0
 688.0, 9.035,018.20,004.25,001.06,25.0
 695.0, 5.417,006.23,001.59,000.53,25.0
 704.0, 9.681,005.53,001.58,000.76,25.0
 708.0, 9.904,004.33,001.26,000.69,25.0
 714.0, 5.904,001.63,000.48,000.39,25.0
 721.0, 8.270,001.39,000.41,000.44,25.0
 728.0, 6.281,000.68,000.19,000.28,25.0
 734.0, 4.710,000.38,000.10,000.20,25.0
 742.0, 6.863,000.37,000.10,000.24,25.0
 747.0, 4.615,000.22,000.06,000.17,25.0
 757.0, 4.153,000.15,000.04,000.14,25.0
 798.0,27.301,000.82,000.50,000.66,25.0
 826.0,37.380,002.26,002.26,001.44,25.0
 851.0,33.818,003.63,002.79,002.21,25.0
