 382.0, 0.116,000.88,001.24,000.10,25.0
 388.0, 0.337,000.87,000.10,000.59,25.0
 398.0, 0.444,001.70,000.11,002.72,25.0
 404.0, 1.606,006.09,000.37,033.26,25.0
 412.0, 2.222,021.04,000.79,100.62,25.0
 421.0, 2.747,041.34,001.86,206.83,25.0
 428.0, 3.125,060.39,003.05,273.57,25.0
 435.0, 3.561,094.94,005.03,337.70,25.0
 444.0, 4.635,146.48,012.30,470.56,25.0
 451.0, 5.000,149.19,020.65,502.94,25.0
 456.0, 3.938,100.93,021.58,369.15,25.0
 462.0, 6.104,120.60,039.96,468.70,25.0
 470.0, 6.888,114.42,052.24,376.57,25.0
 478.0, 7.297,107.95,080.40,287.88,25.0
 487.0, 7.076,064.55,128.86,197.17,25.0
 494.0, 9.432,034.05,248.60,184.22,25.0
 504.0, 8.168,015.46,304.39,097.03,25.0
 514.0, 9.282,023.60,556.88,054.60,25.0
 520.0,11.116,045.93,799.68,042.90,25.0
 526.0, 9.813,072.44,789.48,022.10,25.0
 532.0, 9.890,135.13,860.07,012.33,25.0
 539.0,12.064,280.70,1068.5,006.97,25.0
 548.0, 9.401,301.10,840.75,003.29,25.0
 555.0,14.113,614.59,1257.2,003.45,25.0
 563.0,15.821,865.85,1423.6,002.93,25.0
 570.0,12.884,809.02,1115.3,002.02,25.0
 576.0,17.719,1189.4,1436.6,002.56,25.0
 584.0,15.697,1115.6,1103.2,002.04,25.0
 590.0,12.695,931.46,817.06,001.58,25.0
 597.0,18.589,1388.6,1064.4,002.16,25.0
 605.0, 9.874,729.59,488.76,001.10,25.0
 611.0, 9.830,691.67,423.62,001.09,25.0
 616.0,11.961,789.10,448.16,001.33,25.0
 627.0,12.058,656.09,296.45,001.50,25.0
 634.0,11.820,528.85,196.98,001.74,25.0
 644.0,10.357,352.43,108.43,002.00,25.0
 651.0,11.802,290.54,082.07,002.88,25.0
 660.0,10.721,172.30,046.88,002.84,25.0
 666.0,10.914,125.67,033.66,002.62,25.0
 672.0,11.137,084.75,022.28,002.11,25.0
 678.0,12.118,059.66,015.76,001.73,25.0
 688.0, 9.035,024.44,006.77,000.92,25.0
 695.0, 5.417,008.48,002.58,000.47,25.0
 704.0, 9.681,007.56,002.61,000.65,25.0
 708.0, 9.904,005.93,002.09,000.62,25.0
 714.0, 5.904,002.21,000.83,000.36,25.0
 721.0, 8.270,001.87,000.70,000.41,25.0
 728.0, 6.281,000.89,000.33,000.30,25.0
 734.0, 4.710,000.48,000.19,000.20,25.0
 742.0, 6.863,000.44,000.18,000.25,25.0
 747.0, 4.615,000.26,000.11,000.17,25.0
 757.0, 4.153,000.18,000.08,000.13,25.0
 798.0,27.301,000.86,000.50,000.64,25.0
 826.0,37.380,002.47,002.83,001.30,25.0
 851.0,33.818,004.28,004.19,001.94,25.0
