 382.0, 0.116,000.81,001.08,000.10,25.0
 388.0, 0.337,000.96,000.08,000.46,25.0
 398.0, 0.444,002.06,000.11,001.73,25.0
 404.0, 1.606,005.27,000.32,023.32,25.0
 412.0, 2.222,015.59,000.67,076.80,25.0
 421.0, 2.747,035.19,001.62,174.72,25.0
 428.0, 3.125,051.26,002.69,240.46,25.0
 435.0, 3.561,084.20,004.48,303.49,25.0
 444.0, 4.635,142.76,010.68,435.59,25.0
 451.0, 5.000,153.06,017.64,479.31,25.0
 456.0, 3.938,111.21,018.46,364.71,25.0
 462.0, 6.104,137.43,034.87,487.84,25.0
 470.0, 6.888,118.91,045.61,407.10,25.0
 478.0, 7.297,107.13,069.82,310.95,25.0
 487.0, 7.076,076.10,111.07,212.43,25.0
 494.0, 9.432,048.40,213.72,199.47,25.0
 504.0, 8.168,016.98,260.22,105.52,25.0
 514.0, 9.282,017.71,471.44,062.94,25.0
 520.0,11.116,031.49,682.00,051.86,25.0
 526.0, 9.813,048.23,680.23,027.81,25.0
 532.0, 9.890,093.31,744.94,015.69,25.0
 539.0,12.064,210.89,931.76,008.68,25.0
 548.0, 9.401,240.37,732.54,003.92,25.0
 555.0,14.113,510.49,1091.5,003.94,25.0
 563.0,15.821,746.63,1233.1,003.24,25.0
 570.0,12.884,727.08,968.06,002.15,25.0
 576.0,17.719,1097.1,1246.2,002.63,25.0
 584.0,15.697,1045.4,951.70,001.95,25.0
 590.0,12.695,874.81,700.84,001.45,25.0
 597.0,18.589,1319.8,905.43,001.86,25.0
 605.0, 9.874,713.05,415.42,000.88,25.0
 611.0, 9.830,689.54,361.24,000.84,25.0
 616.0,11.961,795.69,382.84,000.98,25.0
 627.0,12.058,674.26,254.96,001.04,25.0
 634.0,11.820,553.16,169.89,001.16,25.0
 644.0,10.357,380.58,092.88,001.33,25.0
 651.0,11.802,324.73,069.60,002.05,25.0
 660.0,10.721,198.03,039.36,002.45,25.0
 666.0,10.914,145.43,028.11,002.55,25.0
 672.0,11.137,098.01,018.44,002.22,25.0
 678.0,12.118,068.51,012.89,001.78,25.0
 688.0, 9.035,028.12,005.43,000.89,25.0
 695.0, 5.417,009.92,002.05,000.42,25.0
 704.0, 9.681,009.11,002.08,000.60,25.0
 708.0, 9.904,007.17,001.68,000.57,25.0
 714.0, 5.904,002.69,000.67,000.32,25.0
 721.0, 8.270,002.28,000.57,000.40,25.0
 728.0, 6.281,001.06,000.27,000.30,25.0
 734.0, 4.710,000.56,000.14,000.21,25.0
 742.0, 6.863,000.51,000.14,000.26,25.0
 747.0, 4.615,000.29,000.08,000.18,25.0
 757.0, 4.153,000.20,000.06,000.14,25.0
 798.0,27.301,000.79,000.43,000.71,25.0
 826.0,37.380,002.18,002.17,001.59,25.0
 851.0,33.818,004.35,003.61,002.39,25.0
