 8 , 0 , 0 , 0 , 1 , 0 , 0 , 0 
 32 ,-300 , 0 , 0 , 1 , 0 , 2.350000016804188E-007 , 0 
 400 , 0 , 0 , 0 , 1 , 0 , 2.350000016804188E-007 , 0 
 32 ,-300 , 0 , 0 , 1 , 0 , 2.350000016804188E-007 , 0 
 392 , 0 , 0 , 0 , 1 , 0 , 2.350000016804188E-007 , 0 
 0 , 0 , 0 , 0 , 0 , 2.350000016804188E-007 , 2.350000016804188E-007 , 2.350000016804188E-007 
 8 , 0 , 0 , 0 , 1 , 0 , 0 , 0 
 32 ,-300 , 0 , 0 , 1 , 0 , 2.350000016804188E-007 , 0 
 400 , 0 , 0 , 0 , 1 , 0 , 2.350000016804188E-007 , 0 
 369 ,-300 , 0 , 0 , 1 , 0 , 2.350000016804188E-007 , 0 
 55 , 0 , 0 , 0 , 1 , 0 , 2.350000016804188E-007 , 0 
 0 , 0 , 0 , 0 , 0 , 2.350000016804188E-007 , 2.350000016804188E-007 , 2.350000016804188E-007 
 8 , 0 , 0 , 0 , 1 , 0 , 0 , 0 
 369 ,-300 , 0 , 0 , 1 , 0 , 2.350000016804188E-007 , 0 
 63 , 0 , 0 , 0 , 1 , 0 , 2.350000016804188E-007 , 0 
 369 ,-300 , 0 , 0 , 1 , 0 , 2.350000016804188E-007 , 0 
 55 , 0 , 0 , 0 , 1 , 0 , 2.350000016804188E-007 , 0 
 0 , 0 , 0 , 0 , 0 , 2.350000016804188E-007 , 2.350000016804188E-007 , 2.350000016804188E-007 
 8 , 0 , 0 , 0 , 1 , 0 , 0 , 0 
 32 ,-300 , 0 , 0 , 1 , 0 , 2.350000016804188E-007 , 0 
 824 , 0 , 0 , 0 , 1 , 0 , 2.350000016804188E-007 , 0 
 0 , 0 , 0 , 0 , 0 , 2.350000016804188E-007 , 2.350000016804188E-007 , 2.350000016804188E-007 
 8 , 0 , 0 , 0 , 1 , 0 , 0 , 0 
 369 ,-300 , 0 , 0 , 1 , 0 , 2.350000016804188E-007 , 0 
 63 , 0 , 0 , 0 , 1 , 0 , 2.350000016804188E-007 , 0 
 32 ,-300 , 0 , 0 , 1 , 0 , 2.350000016804188E-007 , 0 
 392 , 0 , 0 , 0 , 1 , 0 , 2.350000016804188E-007 , 0 
 0 , 0 , 0 , 0 , 0 , 2.350000016804188E-007 , 2.350000016804188E-007 , 2.350000016804188E-007 
 8 , 0 , 0 , 0 , 1 , 0 , 0 , 0 
 63 ,-300 , 0 , 0 , 1 , 0 , 2.350000016804188E-007 , 0 
 809 , 0 , 0 , 0 , 1 , 0 , 2.350000016804188E-007 , 0 
 0 , 0 , 0 , 0 , 0 , 2.350000016804188E-007 , 2.350000016804188E-007 , 0 
 8 , 0 , 0 , 0 , 1 , 0 , 0 , 0 
 63 ,-300 , 0 , 0 , 1 , 0 , 2.350000016804188E-007 , 0 
 13 , 0 , 0 , 0 , 1 , 0 , 2.350000016804188E-007 , 0 
 30 , 0 ,-106.0599975585938 , 106.0599975585938 , 1 , 0 , 2.350000016804188E-007 , 3.199999980552093E-007 
 36 , 0 , 0 , 0 , 1 , 0 , 2.350000016804188E-007 , 3.199999980552093E-007 
 702 , 0 , 0 , 0 , 1 , 0 , 2.350000016804188E-007 , 3.000000106112566E-007 
 12 , 0 , 0 , 0 , 1 , 0 , 2.350000016804188E-007 , 3.000000106112566E-007 
 0 , 0 , 0 , 0 , 0 , 2.350000016804188E-007 , 2.350000016804188E-007 , 3.000000106112566E-007 
 8 , 0 , 0 , 0 , 1 , 0 , 0 , 0 
 32 ,-285.7099914550781 , 0 , 0 , 1 , 0 , 1.399999973727972E-007 , 0 
 397 , 0 , 0 , 0 , 1 , 0 , 1.399999973727972E-007 , 0 
 32 ,-285.7099914550781 , 0 , 0 , 1 , 0 , 1.399999973727972E-007 , 0 
 389 , 0 , 0 , 0 , 1 , 0 , 1.399999973727972E-007 , 0 
 6 , 0 , 0 , 0 , 1 , 0 , 1.399999973727972E-007 , 0 
 0 , 0 , 0 , 0 , 0 , 1.399999973727972E-007 , 1.399999973727972E-007 , 0 
 8 , 0 , 0 , 0 , 1 , 0 , 0 , 0 
 32 ,-285.7099914550781 , 0 , 0 , 1 , 0 , 1.399999973727972E-007 , 0 
 397 , 0 , 0 , 0 , 1 , 0 , 1.399999973727972E-007 , 0 
 366 ,-285.7099914550781 , 0 , 0 , 1 , 0 , 1.399999973727972E-007 , 0 
 55 , 0 , 0 , 0 , 1 , 0 , 1.399999973727972E-007 , 0 
 6 , 0 , 0 , 0 , 1 , 0 , 1.399999973727972E-007 , 0 
 0 , 0 , 0 , 0 , 0 , 1.399999973727972E-007 , 1.399999973727972E-007 , 0 
 8 , 0 , 0 , 0 , 1 , 0 , 0 , 0 
 366 ,-285.7099914550781 , 0 , 0 , 1 , 0 , 1.399999973727972E-007 , 0 
 63 , 0 , 0 , 0 , 1 , 0 , 1.399999973727972E-007 , 0 
 366 ,-285.7099914550781 , 0 , 0 , 1 , 0 , 1.399999973727972E-007 , 0 
 55 , 0 , 0 , 0 , 1 , 0 , 1.399999973727972E-007 , 0 
 6 , 0 , 0 , 0 , 1 , 0 , 1.399999973727972E-007 , 0 
 0 , 0 , 0 , 0 , 0 , 1.399999973727972E-007 , 1.399999973727972E-007 , 0 
 8 , 0 , 0 , 0 , 1 , 0 , 0 , 0 
 32 ,-285.7099914550781 , 0 , 0 , 1 , 0 , 1.399999973727972E-007 , 0 
 818 , 0 , 0 , 0 , 1 , 0 , 1.399999973727972E-007 , 0 
 6 , 0 , 0 , 0 , 1 , 0 , 1.399999973727972E-007 , 0 
 0 , 0 , 0 , 0 , 0 , 1.399999973727972E-007 , 1.399999973727972E-007 , 0 
 8 , 0 , 0 , 0 , 1 , 0 , 0 , 0 
 366 ,-285.7099914550781 , 0 , 0 , 1 , 0 , 1.399999973727972E-007 , 0 
 63 , 0 , 0 , 0 , 1 , 0 , 1.399999973727972E-007 , 0 
 32 ,-285.7099914550781 , 0 , 0 , 1 , 0 , 1.399999973727972E-007 , 0 
 389 , 0 , 0 , 0 , 1 , 0 , 1.399999973727972E-007 , 0 
 6 , 0 , 0 , 0 , 1 , 0 , 1.399999973727972E-007 , 0 
 0 , 0 , 0 , 0 , 0 , 1.399999973727972E-007 , 1.399999973727972E-007 , 0 
 8 , 0 , 0 , 0 , 1 , 0 , 0 , 0 
 63 ,-285.7099914550781 , 0 , 0 , 1 , 0 , 1.399999973727972E-007 , 0 
 787 , 0 , 0 , 0 , 1 , 0 , 1.399999973727972E-007 , 0 
 6 , 0 , 0 , 0 , 1 , 0 , 1.399999973727972E-007 , 0 
 0 , 0 , 0 , 0 , 0 , 1.399999973727972E-007 , 1.399999973727972E-007 , 0 
 8 , 0 , 0 , 0 , 1 , 0 , 0 , 0 
 63 ,-285.7099914550781 , 0 , 0 , 1 , 0 , 1.399999973727972E-007 , 0 
 9 , 0 , 0 , 0 , 1 , 0 , 1.399999973727972E-007 , 0 
 34 , 0 ,-142.8549957275391 , 0 , 1 , 0 , 2.000000023372195E-007 , 3.199999980552093E-007 
 22 , 0 , 0 , 0 , 1 , 0 , 2.000000023372195E-007 , 3.199999980552093E-007 
 710 , 0 , 0 , 0 , 1 , 0 , 2.499999993688107E-007 , 3.000000106112566E-007 
 12 , 0 , 0 , 0 , 1 , 0 , 2.499999993688107E-007 , 3.000000106112566E-007 
 6 , 0 , 0 , 0 , 1 , 0 , 0 , 0 
 0 , 0 , 0 , 0 , 0 , 1.400023421638252E-007 , 2.499999993688107E-007 , 3.199999980552093E-007 
 8 , 0 , 0 , 0 , 1 , 0 , 0 , 0 
 63 ,-285.7099914550781 , 0 , 0 , 1 , 0 , 1.399999973727972E-007 , 3.000000106112566E-007 
 9 , 0 , 0 , 0 , 1 , 0 , 1.399999973727972E-007 , 3.000000106112566E-007 
 34 , 0 ,-142.8549957275391 , 0 , 1 , 0 , 2.000000023372195E-007 , 3.199999980552093E-007 
 22 , 0 , 0 , 0 , 1 , 0 , 2.000000023372195E-007 , 3.199999980552093E-007 
 710 , 53.56999969482422 , 0 , 0 , 1 , 0 , 1.400700000431243E-007 , 3.000000106112566E-007 
 12 , 0 , 0 , 0 , 1 , 0 , 1.399999973727972E-007 , 3.000000106112566E-007 
 6 , 0 , 0 , 0 , 1 , 0 , 0 , 0 
 0 , 0 , 0 , 0 , 0 , 1.400023421638252E-007 , 1.399999973727972E-007 , 3.199999980552093E-007 
 8 , 0 , 0 , 0 , 1 , 0 , 0 , 0 
 63 ,-300 , 0 , 0 , 1 , 0 , 2.350000016804188E-007 , 0 
 13 , 0 , 0 , 0 , 1 , 0 , 2.350000016804188E-007 , 0 
 30 , 0 ,-106.0599975585938 , 106.0599975585938 , 1 , 0 , 2.350000016804188E-007 , 3.199999980552093E-007 
 36 , 0 , 0 , 0 , 1 , 0 , 2.350000016804188E-007 , 3.199999980552093E-007 
 20 , 0 , 0 , 0 , 1 , 0 , 2.350000016804188E-007 , 3.000000106112566E-007 
 202 , 700 , 0 , 0 , 1 , 0 , 2.350000016804188E-007 , 3.000000106112566E-007 
 480 , 0 , 0 , 0 , 1 , 0 , 2.350000016804188E-007 , 3.000000106112566E-007 
 12 , 0 , 0 , 0 , 1 , 0 , 2.350000016804188E-007 , 3.000000106112566E-007 
 0 , 0 , 0 , 0 , 0 , 2.350000016804188E-007 , 2.350000016804188E-007 , 3.000000106112566E-007 
 8 , 0 , 0 , 0 , 1 , 0 , 0 , 0 
 63 ,-300 , 0 , 0 , 1 , 0 , 2.350000016804188E-007 , 0 
 13 , 0 , 0 , 0 , 1 , 0 , 2.350000016804188E-007 , 0 
 30 , 0 ,-106.0599975585938 , 106.0599975585938 , 1 , 0 , 2.350000016804188E-007 , 3.199999980552093E-007 
 36 , 0 , 0 , 0 , 1 , 0 , 2.350000016804188E-007 , 3.199999980552093E-007 
 87 , 700 , 0 , 0 , 1 , 0 , 2.000000023372195E-007 , 3.199999980552093E-007 
 88 , 465.2000122070312 ,-229.3000030517578 , 52.5 , 1 , 0 , 2.000000023372195E-007 , 3.199999980552093E-007 
 88 , 368.2000122070312 , 77.40000152587891 ,-322.7999877929688 , 1 , 0 , 2.000000023372195E-007 , 3.199999980552093E-007 
 88 , 308.2000122070312 ,-151.8999938964844 ,-270.2999877929688 , 1 , 0 , 2.000000023372195E-007 , 3.199999980552093E-007 
 88 , 216.8000030517578 , 151.8999938964844 , 270.2999877929688 , 1 , 0 , 2.000000023372195E-007 , 3.199999980552093E-007 
 88 , 157 ,-77.40000152587891 , 322.7999877929688 , 1 , 0 , 2.000000023372195E-007 , 3.199999980552093E-007 
 88 , 59.90000152587891 , 229.3000030517578 ,-52.5 , 1 , 0 , 2.000000023372195E-007 , 3.199999980552093E-007 
 87 , 0 , 0 , 0 , 1 , 0 , 2.000000023372195E-007 , 3.199999980552093E-007 
 12 , 0 , 0 , 0 , 1 , 0 , 2.000000023372195E-007 , 3.199999980552093E-007 
 0 , 0 , 0 , 0 , 0 , 2.350000016804188E-007 , 2.000000023372195E-007 , 3.199999980552093E-007 
 8 , 0 , 0 , 0 , 1 , 0 , 0 , 0 
 63 ,-300 , 0 , 0 , 1 , 0 , 2.350000016804188E-007 , 0 
 13 , 0 , 0 , 0 , 1 , 0 , 2.350000016804188E-007 , 0 
 30 , 0 ,-106.0599975585938 , 106.0599975585938 , 1 , 0 , 2.000000023372195E-007 , 2.749999907791789E-007 
 36 , 0 , 0 , 0 , 1 , 0 , 2.000000023372195E-007 , 2.749999907791789E-007 
 20 , 0 , 0 , 0 , 1 , 0 , 1.996000094095507E-007 , 2.000000023372195E-007 
 135 , 700 , 0 , 0 , 1 , 0 , 1.996000094095507E-007 , 2.000000023372195E-007 
 100 , 0 , 0 , 0 , 1 , 0 , 2.000000023372195E-007 , 2.000000023372195E-007 
 359 , 700 , 0 , 0 , 5 , 0 , 2.000000023372195E-007 , 2.000000023372195E-007 
 440 , 350 , 175 , 303.1099853515625 , 4 , 0 , 2.000000023372195E-007 , 2.000000023372195E-007 
 20 , 0 , 0 , 0 , 1 , 0 , 0 , 0 
 50 , 0 , 140 , 0 , 1 , 0 , 2.000000023372195E-007 , 3.199999980552093E-007 
 54 , 140 , 140 , 0 , 1 , 0 , 2.350000016804188E-007 , 2.350000016804188E-007 
 54 , 280 , 140 , 0 , 1 , 0 , 2.350000016804188E-007 , 2.350000016804188E-007 
 54 , 420 , 140 , 0 , 1 , 0 , 2.350000016804188E-007 , 2.749999907791789E-007 
 54 , 560 , 140 , 0 , 1 , 0 , 2.350000016804188E-007 , 2.350000016804188E-007 
 54 , 700 , 140 , 0 , 1 , 0 , 2.350000016804188E-007 , 2.350000016804188E-007 
 35 , 700 , 0 , 0 , 1 , 0 , 2.000000023372195E-007 , 3.199999980552093E-007 
 7 , 0 , 0 , 0 , 1 , 0 , 2.350000016804188E-007 , 2.350000016804188E-007 
 12 , 0 , 0 , 0 , 1 , 0 , 2.000000023372195E-007 , 2.000000023372195E-007 
 0 , 0 , 0 , 0 , 0 , 2.350000016804188E-007 , 2.350000016804188E-007 , 2.749999907791789E-007 
 8 , 0 , 0 , 0 , 1 , 0 , 0 , 0 
 63 ,-300 , 0 , 0 , 1 , 0 , 2.349999732587094E-007 , 2.350000016804188E-007 
 13 , 0 , 0 , 0 , 1 , 0 , 2.350000016804188E-007 , 0 
 30 , 0 ,-106.0599975585938 , 106.0599975585938 , 1 , 0 , 2.000001728674761E-007 , 2.749999907791789E-007 
 36 , 0 , 0 , 0 , 1 , 0 , 2.350000016804188E-007 , 2.749999907791789E-007 
 20 , 0 , 0 , 0 , 1 , 0 , 2.000000023372195E-007 , 2.000000023372195E-007 
 54 , 560 , 0 , 0 , 1 , 0 , 2.000000023372195E-007 , 2.000000023372195E-007 
 54 , 140 , 0 , 0 , 1 , 0 , 2.000000023372195E-007 , 2.000000023372195E-007 
 57 , 350 , 0 , 0 , 1 , 0 , 2.000000023372195E-007 , 2.000000023372195E-007 
 54 , 420 , 0 , 0 , 2 , 500000 , 3.000000106112566E-007 , 3.000000106112566E-007 
 26 , 350 , 0 , 0 , 1 , 0 , 0 , 0 
 68 , 420 , 0 , 0 , 2 , 1000000 , 3.000000106112566E-007 , 3.000000106112566E-007 
 11 , 350 , 0 , 0 , 1 , 0 , 0 , 0 
 74 , 420 , 0 , 0 , 2 , 2000000 , 3.000000106112566E-007 , 3.000000106112566E-007 
 7 , 350 , 0 , 0 , 1 , 0 , 0 , 0 
 71 , 420 , 0 , 0 , 2 , 4000000 , 3.000000106112566E-007 , 3.000000106112566E-007 
 10 , 350 , 0 , 0 , 1 , 0 , 0 , 0 
 76 , 420 , 0 , 0 , 2 , 4800000 , 4.999999987376214E-007 , 4.999999987376214E-007 
 5 , 350 , 0 , 0 , 1 , 0 , 0 , 0 
 79 , 420 , 0 , 0 , 2 , 5800000 , 4.999999987376214E-007 , 4.999999987376214E-007 
 26 , 350 , 0 , 0 , 1 , 0 , 2.000000023372195E-007 , 2.000000023372195E-007 
 7 , 0 , 0 , 0 , 1 , 0 , 2.000000023372195E-007 , 2.000000023372195E-007 
 12 , 0 , 0 , 0 , 1 , 0 , 2.000000023372195E-007 , 2.000000023372195E-007 
 0 , 0 , 0 , 0 , 0 , 2.350000016804188E-007 , 2.000000023372195E-007 , 2.749999907791789E-007 
 8 , 0 , 0 , 0 , 1 , 0 , 0 , 0 
 63 ,-300 , 0 , 0 , 1 , 0 , 2.350000016804188E-007 , 0 
 13 , 0 , 0 , 0 , 1 , 0 , 2.350000016804188E-007 , 0 
 30 , 0 ,-106.0599975585938 , 106.0599975585938 , 1 , 0 , 2.350000016804188E-007 , 2.749999907791789E-007 
 36 , 0 , 0 , 0 , 1 , 0 , 2.350000016804188E-007 , 2.749999907791789E-007 
 27 , 700 , 0 , 0 , 1 , 0 , 2.000000023372195E-007 , 2.000000023372195E-007 
 27 , 700 , 0 , 0 , 1 , 0 , 2.000000023372195E-007 , 2.000000023372195E-007 
 20 , 0 , 0 , 0 , 1 , 0 , 2.000000023372195E-007 , 2.000000023372195E-007 
 264 , 700 , 0 , 0 , 5 , 0 , 0 , 0 
 345 , 700 , 0 , 0 , 7 , 1000000 , 0 , 0 
 480 , 700 , 0 , 0 , 7 , 2000000 , 0 , 0 
 575 , 700 , 0 , 0 , 7 , 3000000 , 0 , 0 
 669 , 700 , 0 , 0 , 7 , 4000000 , 0 , 0 
 764 , 700 , 0 , 0 , 7 , 5000000 , 0 , 0 
 58 , 0 , 0 , 0 , 1 , 0 , 0 , 0 
 12 , 0 , 0 , 0 , 1 , 0 , 2.000000023372195E-007 , 2.000000023372195E-007 
 0 , 0 , 0 , 0 , 0 , 2.350000016804188E-007 , 2.000000023372195E-007 , 2.749999907791789E-007 
 8 , 0 , 0 , 0 , 1 , 0 , 0 , 0 
 63 ,-300 , 0 , 0 , 1 , 0 , 2.350000016804188E-007 , 0 
 13 , 0 , 0 , 0 , 1 , 0 , 2.350000016804188E-007 , 0 
 30 , 0 ,-106.0599975585938 , 106.0599975585938 , 1 , 0 , 2.350000016804188E-007 , 2.749999907791789E-007 
 36 , 0 , 0 , 0 , 1 , 0 , 2.350000016804188E-007 , 2.749999907791789E-007 
 702 , 700 , 0 , 0 , 1 , 0 , 2.000000023372195E-007 , 2.749999907791789E-007 
 12 , 0 , 0 , 0 , 1 , 0 , 2.000000023372195E-007 , 2.749999907791789E-007 
 0 , 0 , 0 , 0 , 0 , 2.350000016804188E-007 , 2.000000023372195E-007 , 2.749999907791789E-007 
 8 , 0 , 0 , 0 , 1 , 0 , 0 , 0 
 63 ,-300 , 0 , 0 , 1 , 0 , 2.350000016804188E-007 , 0 
 13 , 0 , 0 , 0 , 1 , 0 , 2.350000016804188E-007 , 0 
 30 , 0 ,-106.0599975585938 , 106.0599975585938 , 1 , 0 , 2.350000016804188E-007 , 3.000000106112566E-007 
 36 , 0 , 0 , 0 , 1 , 0 , 2.350000016804188E-007 , 3.000000106112566E-007 
 301 , 124.9000015258789 , 0 , 0 , 1 , 0 , 2.000000023372195E-007 , 0 
 341 , 575.0999755859375 , 0 , 0 , 8 , 5000000 , 0 , 0 
 78 , 124.9000015258789 , 0 , 0 , 1 , 0 , 0 , 0 
 351 , 575.0999755859375 , 0 , 0 , 1 , 0 , 2.000000023372195E-007 , 0 
 691 ,-575.0999145507812 , 0 , 0 , 8 , 5000000 , 0 , 0 
 83 , 575.0999755859375 , 0 , 0 , 1 , 0 , 0 , 0 
 8 , 0 , 0 , 0 , 1 , 0 , 2.350000016804188E-007 , 0 
 144 , 0 , 0 , 0 , 1 , 2.000000023372195E-007 , 2.350000016804188E-007 , 0 
 0 , 0 , 0 , 1 , 0 , 0 , 0 , 0 
 8 , 0 , 0 , 0 , 1 , 0 , 0 , 0 
 63 ,-300 , 0 , 0 , 1 , 0 , 2.350000016804188E-007 , 0 
 13 , 0 , 0 , 0 , 1 , 0 , 2.350000016804188E-007 , 0 
 30 , 0 ,-106.0599975585938 , 106.0599975585938 , 1 , 0 , 2.350000016804188E-007 , 3.000000106112566E-007 
 36 , 0 , 0 , 0 , 1 , 0 , 2.350000016804188E-007 , 3.000000106112566E-007 
 10 , 350 , 0 , 0 , 1 , 0 , 2.000000023372195E-007 , 0 
 682 , 700 , 0 , 0 , 12 , 5000000 , 4.999999987376214E-007 , 0 
 10 , 350 , 0 , 0 , 1 , 0 , 0 , 0 
 12 , 0 , 0 , 0 , 1 , 0 , 2.000000023372195E-007 , 0 
 0 , 0 , 0 , 0 , 0 , 2.350000016804188E-007 , 2.350000016804188E-007 , 3.000000106112566E-007 
 8 , 0 , 0 , 0 , 1 , 0 , 0 , 0 
 63 ,-300 , 0 , 0 , 1 , 0 , 2.350000016804188E-007 , 0 
 13 , 0 , 0 , 0 , 1 , 0 , 2.350000016804188E-007 , 0 
 30 , 0 ,-106.0599975585938 , 106.0599975585938 , 1 , 0 , 2.350000016804188E-007 , 3.199999980552093E-007 
 36 , 0 , 0 , 0 , 1 , 0 , 2.350000016804188E-007 , 3.199999980552093E-007 
 702 , 525 , 0 , 0 , 1 , 0 , 2.000000023372195E-007 , 3.199999980552093E-007 
 12 , 0 , 0 , 0 , 1 , 0 , 2.000000023372195E-007 , 3.199999980552093E-007 
 0 , 0 , 0 , 0 , 0 , 2.350000016804188E-007 , 2.000000023372195E-007 , 3.199999980552093E-007 
 8 , 0 , 0 , 0 , 1 , 0 , 0 , 0 
 63 ,-300 , 0 , 0 , 1 , 0 , 2.350000016804188E-007 , 0 
 13 , 0 , 0 , 0 , 1 , 0 , 2.350000016804188E-007 , 0 
 30 , 0 ,-106.0599975585938 , 106.0599975585938 , 1 , 0 , 2.350000016804188E-007 , 3.199999980552093E-007 
 36 , 0 , 0 , 0 , 1 , 0 , 2.350000016804188E-007 , 3.199999980552093E-007 
 702 , 157 ,-77.40000152587891 , 322.7999877929688 , 1 , 0 , 2.000000023372195E-007 , 3.199999980552093E-007 
 12 , 0 , 0 , 0 , 1 , 0 , 2.000000023372195E-007 , 3.199999980552093E-007 
 0 , 0 , 0 , 0 , 0 , 2.350000016804188E-007 , 2.000000023372195E-007 , 3.199999980552093E-007 
 8 , 0 , 0 , 0 , 1 , 0 , 0 , 0 
 63 ,-300 , 0 , 0 , 1 , 0 , 2.350000016804188E-007 , 0 
 13 , 0 , 0 , 0 , 1 , 0 , 2.350000016804188E-007 , 0 
 30 , 0 ,-106.0599975585938 , 106.0599975585938 , 1 , 0 , 2.350000016804188E-007 , 3.199999980552093E-007 
 36 , 0 , 0 , 0 , 1 , 0 , 2.350000016804188E-007 , 3.199999980552093E-007 
 221 , 0 , 0 , 0 , 1 , 0 , 2.000000023372195E-007 , 3.199999980552093E-007 
 260 , 105 , 0 , 0 , 1 , 0 , 2.000000023372195E-007 , 3.199999980552093E-007 
 221 , 0 , 0 , 0 , 1 , 0 , 2.000000023372195E-007 , 3.199999980552093E-007 
 12 , 0 , 0 , 0 , 1 , 0 , 2.000000023372195E-007 , 3.199999980552093E-007 
 0 , 0 , 0 , 0 , 0 , 2.350000016804188E-007 , 2.000000023372195E-007 , 3.199999980552093E-007 
 8 , 0 , 0 , 0 , 1 , 0 , 0 , 0 
 63 ,-300 , 0 , 0 , 1 , 0 , 2.350000016804188E-007 , 0 
 13 , 0 , 0 , 0 , 1 , 0 , 2.350000016804188E-007 , 0 
 30 , 0 ,-106.0599975585938 , 106.0599975585938 , 1 , 0 , 2.350000016804188E-007 , 3.199999980552093E-007 
 36 , 0 , 0 , 0 , 1 , 0 , 2.350000016804188E-007 , 3.199999980552093E-007 
 221 , 0 , 0 , 0 , 1 , 0 , 2.000000023372195E-007 , 3.199999980552093E-007 
 260 , 140 , 0 , 0 , 1 , 0 , 2.000000023372195E-007 , 3.199999980552093E-007 
 221 , 0 , 0 , 0 , 1 , 0 , 2.000000023372195E-007 , 3.199999980552093E-007 
 12 , 0 , 0 , 0 , 1 , 0 , 2.000000023372195E-007 , 3.199999980552093E-007 
 0 , 0 , 0 , 0 , 0 , 2.350000016804188E-007 , 2.000000023372195E-007 , 3.199999980552093E-007 
 8 , 0 , 0 , 0 , 1 , 0 , 0 , 0 
 63 ,-300 , 0 , 0 , 1 , 0 , 2.350000016804188E-007 , 0 
 13 , 0 , 0 , 0 , 1 , 0 , 2.350000016804188E-007 , 0 
 30 , 0 ,-106.0599975585938 , 106.0599975585938 , 1 , 0 , 2.350000016804188E-007 , 3.199999980552093E-007 
 36 , 0 , 0 , 0 , 1 , 0 , 2.350000016804188E-007 , 3.199999980552093E-007 
 221 , 0 , 0 , 0 , 1 , 0 , 2.000000023372195E-007 , 3.199999980552093E-007 
 260 , 700 , 0 , 0 , 1 , 0 , 2.000000023372195E-007 , 3.199999980552093E-007 
 221 , 0 , 0 , 0 , 1 , 0 , 2.000000023372195E-007 , 3.199999980552093E-007 
 12 , 0 , 0 , 0 , 1 , 0 , 2.000000023372195E-007 , 3.199999980552093E-007 
 0 , 0 , 0 , 0 , 0 , 2.350000016804188E-007 , 2.000000023372195E-007 , 3.199999980552093E-007 
 8 , 0 , 0 , 0 , 1 , 0 , 0 , 0 
 63 ,-300 , 0 , 0 , 1 , 0 , 2.350000016804188E-007 , 0 
 13 , 0 , 0 , 0 , 1 , 0 , 2.350000016804188E-007 , 0 
 30 , 0 ,-106.0599975585938 , 106.0599975585938 , 1 , 0 , 2.350000016804188E-007 , 3.199999980552093E-007 
 36 , 0 , 0 , 0 , 1 , 0 , 2.350000016804188E-007 , 3.199999980552093E-007 
 221 , 0 , 0 , 0 , 1 , 0 , 2.000000023372195E-007 , 3.199999980552093E-007 
 260 , 420 , 0 , 0 , 1 , 0 , 0 , 0 
 221 , 0 , 0 , 0 , 1 , 0 , 0 , 0 
 371 , 420 , 0 , 0 , 5 , 0 , 2.000000023372195E-007 , 3.199999980552093E-007 
 631 , 420 , 0 , 0 , 5 , 0 , 2.000000023372195E-007 , 3.199999980552093E-007 
 216 , 0 , 0 , 0 , 1 , 0 , 0 , 0 
 12 , 0 , 0 , 0 , 1 , 0 , 2.000000023372195E-007 , 3.199999980552093E-007 
 0 , 0 , 0 , 0 , 0 , 2.350000016804188E-007 , 2.000000023372195E-007 , 3.199999980552093E-007 
 8 , 0 , 0 , 0 , 1 , 0 , 0 , 0 
 63 ,-300 , 0 , 0 , 1 , 0 , 2.350000016804188E-007 , 0 
 13 , 0 , 0 , 0 , 1 , 0 , 2.350000016804188E-007 , 0 
 30 , 0 ,-106.0599975585938 , 106.0599975585938 , 1 , 0 , 2.350000016804188E-007 , 3.199999980552093E-007 
 36 , 0 , 0 , 0 , 1 , 0 , 2.350000016804188E-007 , 3.199999980552093E-007 
 371 , 420 , 0 , 0 , 5 , 0 , 2.000000023372195E-007 , 3.199999980552093E-007 
 397 , 420 , 0 , 0 , 5 , 0 , 2.000000023372195E-007 , 3.199999980552093E-007 
 423 , 420 , 0 , 0 , 5 , 0 , 2.000000023372195E-007 , 3.199999980552093E-007 
 449 , 420 , 0 , 0 , 5 , 0 , 2.000000023372195E-007 , 3.199999980552093E-007 
 475 , 420 , 0 , 0 , 5 , 0 , 2.000000023372195E-007 , 3.199999980552093E-007 
 501 , 420 , 0 , 0 , 5 , 0 , 2.000000023372195E-007 , 3.199999980552093E-007 
 527 , 420 , 0 , 0 , 5 , 0 , 2.000000023372195E-007 , 3.199999980552093E-007 
 553 , 420 , 0 , 0 , 5 , 0 , 2.000000023372195E-007 , 3.199999980552093E-007 
 579 , 420 , 0 , 0 , 5 , 0 , 2.000000023372195E-007 , 3.199999980552093E-007 
 605 , 420 , 0 , 0 , 5 , 0 , 2.000000023372195E-007 , 3.199999980552093E-007 
 631 , 420 , 0 , 0 , 5 , 0 , 2.000000023372195E-007 , 3.199999980552093E-007 
 216 , 0 , 0 , 0 , 1 , 0 , 2.000000023372195E-007 , 3.199999980552093E-007 
 12 , 0 , 0 , 0 , 1 , 0 , 2.000000023372195E-007 , 3.199999980552093E-007 
 0 , 0 , 0 , 0 , 0 , 2.350000016804188E-007 , 2.000000023372195E-007 , 3.199999980552093E-007 
 8 , 0 , 0 , 0 , 1 , 0 , 0 , 0 
 63 ,-300 , 0 , 0 , 1 , 0 , 2.350000016804188E-007 , 0 
 13 , 0 , 0 , 0 , 1 , 0 , 2.350000016804188E-007 , 0 
 30 , 0 ,-106.0599975585938 , 106.0599975585938 , 1 , 0 , 2.350000016804188E-007 , 3.199999980552093E-007 
 36 , 0 , 0 , 0 , 1 , 0 , 2.350000016804188E-007 , 3.199999980552093E-007 
 410 , 420 , 0 , 0 , 5 , 0 , 2.000000023372195E-007 , 3.199999980552093E-007 
 437 , 0 , 0 , 0 , 1 , 0 , 0 , 0 
 12 , 0 , 0 , 0 , 1 , 0 , 2.000000023372195E-007 , 3.199999980552093E-007 
 0 , 0 , 0 , 0 , 0 , 2.350000016804188E-007 , 2.000000023372195E-007 , 3.199999980552093E-007 
 8 , 0 , 0 , 0 , 1 , 0 , 0 , 0 
 63 ,-300 , 0 , 0 , 1 , 0 , 2.350000016804188E-007 , 0 
 13 , 0 , 0 , 0 , 1 , 0 , 2.350000016804188E-007 , 0 
 30 , 0 ,-106.0599975585938 , 106.0599975585938 , 1 , 0 , 2.350000016804188E-007 , 3.199999980552093E-007 
 36 , 0 , 0 , 0 , 1 , 0 , 2.350000016804188E-007 , 3.199999980552093E-007 
 423 , 420 , 0 , 0 , 5 , 0 , 2.000000023372195E-007 , 3.199999980552093E-007 
 424 , 0 , 0 , 0 , 1 , 0 , 0 , 0 
 12 , 0 , 0 , 0 , 1 , 0 , 2.000000023372195E-007 , 3.199999980552093E-007 
 0 , 0 , 0 , 0 , 0 , 2.350000016804188E-007 , 2.000000023372195E-007 , 3.199999980552093E-007 
 8 , 0 , 0 , 0 , 1 , 0 , 0 , 0 
 63 ,-300 , 0 , 0 , 1 , 0 , 2.350000016804188E-007 , 0 
 13 , 0 , 0 , 0 , 1 , 0 , 2.350000016804188E-007 , 0 
 30 , 0 ,-106.0599975585938 , 106.0599975585938 , 1 , 0 , 2.350000016804188E-007 , 3.199999980552093E-007 
 36 , 0 , 0 , 0 , 1 , 0 , 2.350000016804188E-007 , 3.199999980552093E-007 
 631 , 420 , 0 , 0 , 5 , 0 , 2.000000023372195E-007 , 3.199999980552093E-007 
 216 , 0 , 0 , 0 , 1 , 0 , 0 , 0 
 12 , 0 , 0 , 0 , 1 , 0 , 2.000000023372195E-007 , 3.199999980552093E-007 
 0 , 0 , 0 , 0 , 0 , 2.350000016804188E-007 , 2.000000023372195E-007 , 3.199999980552093E-007 
 8 , 0 , 0 , 0 , 1 , 0 , 0 , 0 
 63 ,-300 , 0 , 0 , 1 , 0 , 2.350000016804188E-007 , 0 
 13 , 0 , 0 , 0 , 1 , 0 , 2.350000016804188E-007 , 0 
 30 , 0 ,-106.0599975585938 , 106.0599975585938 , 1 , 0 , 2.350000016804188E-007 , 3.199999980552093E-007 
 36 , 0 , 0 , 0 , 1 , 0 , 2.350000016804188E-007 , 3.199999980552093E-007 
 155.4839935302734 , 700 , 0 , 0 , 5 , 0 , 0 , 0 
 193.875 , 700 , 0 , 0 , 5 , 0 , 0 , 0 
 232.2659912109375 , 700 , 0 , 0 , 5 , 0 , 0 , 0 
 270.656005859375 , 700 , 0 , 0 , 5 , 0 , 0 , 0 
 309.0469970703125 , 700 , 0 , 0 , 5 , 0 , 0 , 0 
 347.4380187988281 , 700 , 0 , 0 , 5 , 0 , 0 , 0 
 385.8280029296875 , 700 , 0 , 0 , 5 , 0 , 0 , 0 
 424.218994140625 , 700 , 0 , 0 , 5 , 0 , 0 , 0 
 462.6090087890625 , 700 , 0 , 0 , 5 , 0 , 0 , 0 
 501 , 700 , 0 , 0 , 5 , 0 , 0 , 0 
 539.3900146484375 , 700 , 0 , 0 , 5 , 0 , 0 , 0 
 577.781005859375 , 700 , 0 , 0 , 5 , 0 , 0 , 0 
 616.1719970703125 , 700 , 0 , 0 , 5 , 0 , 0 , 0 
 654.56298828125 , 700 , 0 , 0 , 5 , 0 , 0 , 0 
 692.9530029296875 , 700 , 0 , 0 , 5 , 0 , 0 , 0 
 731.343994140625 , 700 , 0 , 0 , 5 , 0 , 0 , 0 
 769.7340087890625 , 700 , 0 , 0 , 5 , 0 , 0 , 0 
 808.125 , 700 , 0 , 0 , 5 , 0 , 0 , 0 
 846.5159912109375 , 700 , 0 , 0 , 5 , 0 , 0 , 0 
 12 , 0 , 0 , 0 , 1 , 0 , 0 , 0 
 0 , 0 , 0 , 0 , 0 , 2.350000016804188E-007 , 2.000000023372195E-007 , 3.199999980552093E-007 
 8 , 0 , 0 , 0 , 1 , 0 , 0 , 0 
 63 ,-300 , 0 , 0 , 1 , 0 , 2.350000016804188E-007 , 0 
 13 , 0 , 0 , 0 , 1 , 0 , 2.350000016804188E-007 , 0 
 30 , 0 ,-106.0599975585938 , 106.0599975585938 , 1 , 0 , 2.350000016804188E-007 , 3.199999980552093E-007 
 36 , 0 , 0 , 0 , 1 , 0 , 2.350000016804188E-007 , 3.199999980552093E-007 
 143 , 0 , 0 , 0 , 1 , 0 , 2.000000023372195E-007 , 0 
 31 ,-14 , 0 , 0 , 1 , 0 , 2.000000023372195E-007 , 0 
 31 , 0 , 0 , 0 , 1 , 0 , 2.000000023372195E-007 , 0 
 31 , 14 , 0 , 0 , 1 , 0 , 2.000000023372195E-007 , 0 
 155 , 0 , 0 , 0 , 1 , 0 , 2.000000023372195E-007 , 0 
 156 , 700 , 0 , 0 , 1 , 0 , 2.000000023372195E-007 , 0 
 155 , 0 , 0 , 0 , 1 , 0 , 2.000000023372195E-007 , 0 
 12 , 0 , 0 , 0 , 1 , 0 , 2.000000023372195E-007 , 0 
 0 , 0 , 0 , 0 , 0 , 2.350000016804188E-007 , 2.000000023372195E-007 , 3.199999980552093E-007 
 8 , 0 , 0 , 0 , 1 , 0 , 0 , 0 
 63 ,-300 , 0 , 0 , 1 , 0 , 2.350000016804188E-007 , 0 
 13 , 0 , 0 , 0 , 1 , 0 , 2.350000016804188E-007 , 0 
 30 , 0 ,-106.0599975585938 , 106.0599975585938 , 1 , 0 , 2.350000016804188E-007 , 3.199999980552093E-007 
 36 , 0 , 0 , 0 , 1 , 0 , 2.350000016804188E-007 , 3.199999980552093E-007 
 143 , 0 , 0 , 0 , 1 , 0 , 2.000000023372195E-007 , 0 
 31 ,-14 , 0 , 0 , 1 , 0 , 2.000000023372195E-007 , 0 
 31 , 0 , 0 , 0 , 1 , 0 , 2.000000023372195E-007 , 0 
 31 , 14 , 0 , 0 , 1 , 0 , 2.000000023372195E-007 , 0 
 155 , 0 , 0 , 0 , 1 , 0 , 2.000000023372195E-007 , 0 
 156 , 450 , 0 , 0 , 1 , 0 , 2.000000023372195E-007 , 0 
 155 , 0 , 0 , 0 , 1 , 0 , 2.000000023372195E-007 , 0 
 12 , 0 , 0 , 0 , 1 , 0 , 2.000000023372195E-007 , 0 
 0 , 0 , 0 , 0 , 0 , 2.350000016804188E-007 , 2.000000023372195E-007 , 3.199999980552093E-007 
 8 , 0 , 0 , 0 , 1 , 0 , 0 , 0 
 63 ,-300 , 0 , 0 , 1 , 0 , 2.350000016804188E-007 , 0 
 13 , 0 , 0 , 0 , 1 , 0 , 2.350000016804188E-007 , 0 
 30 , 0 ,-106.0599975585938 , 106.0599975585938 , 1 , 0 , 2.350000016804188E-007 , 3.199999980552093E-007 
 36 , 0 , 0 , 0 , 1 , 0 , 2.350000016804188E-007 , 3.199999980552093E-007 
 143 , 0 , 0 , 0 , 1 , 0 , 2.000000023372195E-007 , 0 
 31 ,-14 , 0 , 0 , 1 , 0 , 2.000000023372195E-007 , 0 
 31 , 0 , 0 , 0 , 1 , 0 , 2.000000023372195E-007 , 0 
 31 , 14 , 0 , 0 , 1 , 0 , 2.000000023372195E-007 , 0 
 155 , 0 , 0 , 0 , 1 , 0 , 2.000000023372195E-007 , 0 
 156 , 200 , 0 , 0 , 1 , 0 , 2.000000023372195E-007 , 0 
 155 , 0 , 0 , 0 , 1 , 0 , 2.000000023372195E-007 , 0 
 12 , 0 , 0 , 0 , 1 , 0 , 2.000000023372195E-007 , 0 
 0 , 0 , 0 , 0 , 0 , 2.350000016804188E-007 , 2.000000023372195E-007 , 3.199999980552093E-007 
 8 , 0 , 0 , 0 , 1 , 0 , 0 , 0 
 63 ,-300 , 0 , 0 , 1 , 0 , 2.350000016804188E-007 , 0 
 13 , 0 , 0 , 0 , 1 , 0 , 2.350000016804188E-007 , 0 
 30 , 0 ,-106.0599975585938 , 106.0599975585938 , 1 , 0 , 2.350000016804188E-007 , 3.199999980552093E-007 
 36 , 0 , 0 , 0 , 1 , 0 , 2.350000016804188E-007 , 3.199999980552093E-007 
 143 , 0 , 0 , 0 , 1 , 0 , 2.000000023372195E-007 , 0 
 31 ,-14 , 0 , 0 , 1 , 0 , 2.000000023372195E-007 , 0 
 31 , 0 , 0 , 0 , 1 , 0 , 2.000000023372195E-007 , 0 
 31 , 14 , 0 , 0 , 1 , 0 , 2.000000023372195E-007 , 0 
 155 , 0 , 0 , 0 , 1 , 0 , 2.000000023372195E-007 , 0 
 156 , 110 , 0 , 0 , 1 , 0 , 2.000000023372195E-007 , 0 
 155 , 0 , 0 , 0 , 1 , 0 , 2.000000023372195E-007 , 0 
 12 , 0 , 0 , 0 , 1 , 0 , 2.000000023372195E-007 , 0 
 0 , 0 , 0 , 0 , 0 , 2.350000016804188E-007 , 2.000000023372195E-007 , 3.199999980552093E-007 
 8 , 0 , 0 , 0 , 1 , 0 , 0 , 0 
 63 ,-300 , 0 , 0 , 1 , 0 , 2.350000016804188E-007 , 0 
 13 , 0 , 0 , 0 , 1 , 0 , 2.350000016804188E-007 , 0 
 30 , 0 ,-106.0599975585938 , 106.0599975585938 , 1 , 0 , 2.350000016804188E-007 , 3.199999980552093E-007 
 36 , 0 , 0 , 0 , 1 , 0 , 2.350000016804188E-007 , 3.199999980552093E-007 
 158 , 0 , 0 , 0 , 1 , 0 , 2.000000023372195E-007 , 0 
 386 , 700 , 0 , 0 , 1 , 0 , 2.000000023372195E-007 , 0 
 158 , 0 , 0 , 0 , 1 , 0 , 2.000000023372195E-007 , 0 
 12 , 0 , 0 , 0 , 1 , 0 , 2.000000023372195E-007 , 0 
 0 , 0 , 0 , 0 , 0 , 2.350000016804188E-007 , 2.000000023372195E-007 , 3.199999980552093E-007 
 8 , 0 , 0 , 0 , 1 , 0 , 0 , 0 
 63 ,-300 , 0 , 0 , 1 , 0 , 2.350000016804188E-007 , 0 
 13 , 0 , 0 , 0 , 1 , 0 , 2.350000016804188E-007 , 0 
 30 , 0 ,-106.0599975585938 , 106.0599975585938 , 1 , 0 , 2.350000016804188E-007 , 3.199999980552093E-007 
 36 , 0 , 0 , 0 , 1 , 0 , 2.350000016804188E-007 , 3.199999980552093E-007 
 158 , 0 , 0 , 0 , 1 , 0 , 0 , 0 
 174 , 700 , 0 , 0 , 1 , 0 , 2.000000023372195E-007 , 0 
 39 , 0 , 0 , 0 , 1 , 0 , 2.000000023372195E-007 , 0 
 173 , 700 , 0 , 0 , 1 , 0 , 2.000000023372195E-007 , 0 
 158 , 0 , 0 , 0 , 1 , 0 , 2.000000023372195E-007 , 0 
 8 , 0 , 0 , 0 , 1 , 0 , 2.000000023372195E-007 , 0 
 12 , 0 , 0 , 0 , 1 , 0 , 0 , 0 
 0 , 0 , 0 , 0 , 0 , 2.350000016804188E-007 , 2.000000023372195E-007 , 3.199999980552093E-007 
 8 , 0 , 0 , 0 , 1 , 0 , 0 , 0 
 63 ,-300 , 0 , 0 , 1 , 0 , 2.350000016804188E-007 , 0 
 13 , 0 , 0 , 0 , 1 , 0 , 2.350000016804188E-007 , 0 
 30 , 0 ,-106.0599975585938 , 106.0599975585938 , 1 , 0 , 2.350000016804188E-007 , 3.199999980552093E-007 
 36 , 0 , 0 , 0 , 1 , 0 , 2.350000016804188E-007 , 3.199999980552093E-007 
 185 , 700 , 0 , 0 , 5 , 0 , 0 , 0 
 220 , 700 , 0 , 0 , 5 , 0 , 0 , 0 
 782 , 700 , 0 , 0 , 5 , 0 , 0 , 0 
 817 , 700 , 0 , 0 , 5 , 0 , 0 , 0 
 38 , 0 , 0 , 0 , 1 , 0 , 0 , 0 
 12 , 0 , 0 , 0 , 1 , 0 , 0 , 0 
 0 , 0 , 0 , 0 , 0 , 2.350000016804188E-007 , 2.000000023372195E-007 , 3.199999980552093E-007 
 8 , 0 , 0 , 0 , 1 , 0 , 0 , 0 
 63 ,-300 , 0 , 0 , 1 , 0 , 2.350000016804188E-007 , 0 
 13 , 0 , 0 , 0 , 1 , 0 , 2.350000016804188E-007 , 0 
 30 , 0 ,-106.0599975585938 , 106.0599975585938 , 1 , 0 , 2.350000016804188E-007 , 3.199999980552093E-007 
 36 , 0 , 0 , 0 , 1 , 0 , 2.350000016804188E-007 , 3.199999980552093E-007 
 185 , 700 , 0 , 0 , 5 , 0 , 0 , 0 
 501 , 700 , 0 , 0 , 5 , 0 , 0 , 0 
 817 , 700 , 0 , 0 , 5 , 0 , 0 , 0 
 38 , 0 , 0 , 0 , 1 , 0 , 0 , 0 
 12 , 0 , 0 , 0 , 1 , 0 , 0 , 0 
 0 , 0 , 0 , 0 , 0 , 2.350000016804188E-007 , 2.000000023372195E-007 , 3.199999980552093E-007 
 8 , 0 , 0 , 0 , 1 , 0 , 0 , 0 
 63 ,-300 , 0 , 0 , 1 , 0 , 2.350000016804188E-007 , 0 
 13 , 0 , 0 , 0 , 1 , 0 , 2.350000016804188E-007 , 0 
 30 , 0 ,-106.0599975585938 , 106.0599975585938 , 1 , 0 , 2.350000016804188E-007 , 3.199999980552093E-007 
 36 , 0 , 0 , 0 , 1 , 0 , 2.350000016804188E-007 , 3.199999980552093E-007 
 185 , 700 , 0 , 0 , 5 , 0 , 0 , 0 
 292 , 0 , 0 , 0 , 1 , 0 , 0 , 0 
 39 , 700 , 0 , 0 , 1 , 0 , 2.000000023372195E-007 , 0 
 300 , 0 , 0 , 0 , 1 , 0 , 2.000000023372195E-007 , 0 
 817 , 700 , 0 , 0 , 5 , 0 , 0 , 0 
 38 , 0 , 0 , 0 , 1 , 0 , 0 , 0 
 12 , 0 , 0 , 0 , 1 , 0 , 0 , 0 
 0 , 0 , 0 , 0 , 0 , 2.350000016804188E-007 , 2.000000023372195E-007 , 3.199999980552093E-007 
 8 , 0 , 0 , 0 , 1 , 0 , 0 , 0 
 63 ,-300 , 0 , 0 , 1 , 0 , 2.350000016804188E-007 , 0 
 13 , 0 , 0 , 0 , 1 , 0 , 2.350000016804188E-007 , 0 
 30 , 0 ,-106.0599975585938 , 106.0599975585938 , 1 , 0 , 2.350000016804188E-007 , 3.199999980552093E-007 
 36 , 0 , 0 , 0 , 1 , 0 , 2.350000016804188E-007 , 3.199999980552093E-007 
 698 , 700 , 0 , 0 , 3 , 0 , 0 , 0 
 4 , 700 , 0 , 0 , 1 , 0 , 0 , 0 
 12 , 0 , 0 , 0 , 1 , 0 , 2.000000023372195E-007 , 3.199999980552093E-007 
 0 , 0 , 0 , 0 , 0 , 2.350000016804188E-007 , 2.000000023372195E-007 , 3.199999980552093E-007 
 8 , 0 , 0 , 0 , 1 , 0 , 0 , 0 
 63 ,-285.7099914550781 , 0 , 0 , 1 , 0 , 1.399999973727972E-007 , 0 
 9 , 0 , 0 , 0 , 1 , 0 , 1.399999973727972E-007 , 0 
 34 , 0 ,-142.8549957275391 , 0 , 1 , 0 , 2.000000023372195E-007 , 3.199999980552093E-007 
 22 , 0 , 0 , 0 , 1 , 0 , 2.000000023372195E-007 , 3.199999980552093E-007 
 103 , 549.1060180664062 , 0 , 0 , 1 , 0 , 1.399999973727972E-007 , 3.20000111742047E-007 
 101 , 492.6619873046875 ,-216.4309997558594 , 49.55400085449219 , 1 , 0 , 2.499999993688107E-007 , 3.20000111742047E-007 
 101 , 401.1059875488281 , 73.05599975585938 ,-304.6839904785156 , 1 , 0 , 2.499999993688107E-007 , 3.20000111742047E-007 
 101 , 344.4729919433594 ,-143.375 ,-255.1300048828125 , 1 , 0 , 2.499999993688107E-007 , 3.20000111742047E-007 
 101 , 258.2019958496094 , 143.375 , 255.1300048828125 , 1 , 0 , 2.499999993688107E-007 , 3.20000111742047E-007 
 101 , 201.7590026855469 ,-73.05599975585938 , 304.6839904785156 , 1 , 0 , 2.499999993688107E-007 , 3.20000111742047E-007 
 102 , 110.1080017089844 , 216.4309997558594 ,-49.55400085449219 , 1 , 0 , 2.499999993688107E-007 , 3.20000111742047E-007 
 12 , 0 , 0 , 0 , 1 , 0 , 1.399999973727972E-007 , 3.20000111742047E-007 
 6 , 0 , 0 , 0 , 1 , 0 , 1.399999973727972E-007 , 3.199999980552093E-007 
 0 , 0 , 0 , 0 , 0 , 1.400023421638252E-007 , 1.399999973727972E-007 , 3.199999980552093E-007 
 8 , 0 , 0 , 0 , 1 , 0 , 0 , 0 
 63 ,-285.7099914550781 , 0 , 0 , 1 , 0 , 1.399999973727972E-007 , 0 
 9 , 0 , 0 , 0 , 1 , 0 , 1.399999973727972E-007 , 0 
 34 , 0 ,-142.8549957275391 , 0 , 1 , 0 , 2.000000023372195E-007 , 3.199999980552093E-007 
 22 , 0 , 0 , 0 , 1 , 0 , 2.000000023372195E-007 , 3.199999980552093E-007 
 103 , 110.1080017089844 , 216.4309997558594 ,-49.55400085449219 , 1 , 0 , 1.399999973727972E-007 , 3.20000111742047E-007 
 101 , 53.56999969482422 , 0 , 0 , 1 , 0 , 2.499999993688107E-007 , 3.20000111742047E-007 
 101 , 258.2019958496094 , 143.375 , 255.1300048828125 , 1 , 0 , 2.499999993688107E-007 , 3.20000111742047E-007 
 101 , 53.56999969482422 , 0 , 0 , 1 , 0 , 2.499999993688107E-007 , 3.20000111742047E-007 
 101 , 401.1059875488281 , 73.05599975585938 ,-304.6839904785156 , 1 , 0 , 2.499999993688107E-007 , 3.20000111742047E-007 
 101 , 53.56999969482422 , 0 , 0 , 1 , 0 , 2.499999993688107E-007 , 3.20000111742047E-007 
 102 , 549.1060180664062 , 0 , 0 , 1 , 0 , 2.499999993688107E-007 , 3.20000111742047E-007 
 12 , 0 , 0 , 0 , 1 , 0 , 1.399999973727972E-007 , 3.20000111742047E-007 
 6 , 0 , 0 , 0 , 1 , 0 , 0 , 0 
 0 , 0 , 0 , 0 , 0 , 1.400023421638252E-007 , 1.399999973727972E-007 , 3.199999980552093E-007 
 8 , 0 , 0 , 0 , 1 , 0 , 0 , 0 
 63 ,-285.7099914550781 , 0 , 0 , 1 , 0 , 1.399999973727972E-007 , 0 
 9 , 0 , 0 , 0 , 1 , 0 , 1.399999973727972E-007 , 0 
 34 , 0 ,-142.8549957275391 , 0 , 1 , 0 , 2.000000023372195E-007 , 3.199999980552093E-007 
 22 , 0 , 0 , 0 , 1 , 0 , 2.000000023372195E-007 , 3.199999980552093E-007 
 126 , 53.56999969482422 , 77.77000427246094 ,-119.7600021362305 , 1 , 0 , 1.399999973727972E-007 , 3.20000111742047E-007 
 127 , 714 , 0 , 0 , 1 , 0 , 2.499999993688107E-007 , 3.20000111742047E-007 
 127 , 53.56999969482422 , 119.7600021362305 , 77.77000427246094 , 1 , 0 , 2.499999993688107E-007 , 3.20000111742047E-007 
 127 , 53.56999969482422 , 0 , 0 , 1 , 0 , 2.499999993688107E-007 , 3.20000111742047E-007 
 33 , 25.01000022888184 , 0 , 0 , 1 , 0 , 2.499999993688107E-007 , 3.20000111742047E-007 
 35 , 53.56999969482422 , 0 , 0 , 1 , 0 , 2.499999993688107E-007 , 3.20000111742047E-007 
 33 , 82.12999725341797 , 0 , 0 , 1 , 0 , 2.499999993688107E-007 , 3.20000111742047E-007 
 102 , 53.56999969482422 , 0 , 0 , 1 , 0 , 2.499999993688107E-007 , 3.20000111742047E-007 
 12 , 0 , 0 , 0 , 1 , 0 , 1.399999973727972E-007 , 3.20000111742047E-007 
 6 , 0 , 0 , 0 , 1 , 0 , 0 , 0 
 0 , 0 , 0 , 0 , 0 , 1.400023421638252E-007 , 1.399999973727972E-007 , 3.199999980552093E-007 
 8 , 0 , 0 , 0 , 1 , 0 , 0 , 0 
 63 ,-285.7099914550781 , 0 , 0 , 1 , 0 , 1.399999973727972E-007 , 0 
 9 , 0 , 0 , 0 , 1 , 0 , 1.399999973727972E-007 , 0 
 34 , 0 ,-142.8549957275391 , 0 , 1 , 0 , 2.000000023372195E-007 , 3.199999980552093E-007 
 22 , 0 , 0 , 0 , 1 , 0 , 2.000000023372195E-007 , 3.199999980552093E-007 
 225 , 53.56999969482422 , 0 , 0 , 1 , 0 , 1.399999973727972E-007 , 3.199999980552093E-007 
 260 , 160.7129974365234 , 0 , 0 , 1 , 0 , 0 , 0 
 225 , 53.56999969482422 , 0 , 0 , 1 , 0 , 0 , 0 
 361 , 160.7129974365234 , 0 , 0 , 11 , 0 , 2.499999993688107E-007 , 0 
 621 , 160.7129974365234 , 0 , 0 , 11 , 0 , 2.499999993688107E-007 , 0 
 219 , 53.56999969482422 , 0 , 0 , 1 , 0 , 0 , 0 
 12 , 0 , 0 , 0 , 1 , 0 , 1.399999973727972E-007 , 3.199999980552093E-007 
 6 , 0 , 0 , 0 , 1 , 0 , 0 , 0 
 0 , 0 , 0 , 0 , 0 , 1.400023421638252E-007 , 1.399999973727972E-007 , 3.199999980552093E-007 
 8 , 0 , 0 , 0 , 1 , 0 , 0 , 0 
 63 ,-285.7099914550781 , 0 , 0 , 1 , 0 , 1.399999973727972E-007 , 0 
 9 , 0 , 0 , 0 , 1 , 0 , 1.399999973727972E-007 , 0 
 34 , 0 ,-142.8549957275391 , 0 , 1 , 0 , 2.000000023372195E-007 , 3.199999980552093E-007 
 22 , 0 , 0 , 0 , 1 , 0 , 2.000000023372195E-007 , 3.199999980552093E-007 
 225 , 53.56999969482422 , 0 , 0 , 1 , 0 , 1.399999973727972E-007 , 3.199999980552093E-007 
 260 , 196.4300994873047 , 0 , 0 , 1 , 0 , 0 , 0 
 225 , 53.56999969482422 , 0 , 0 , 1 , 0 , 0 , 0 
 361 , 196.4300079345703 , 0 , 0 , 11 , 0 , 2.499999993688107E-007 , 0 
 621 , 196.4299926757812 , 0 , 0 , 11 , 0 , 2.499999993688107E-007 , 0 
 219 , 53.56999969482422 , 0 , 0 , 1 , 0 , 0 , 0 
 12 , 0 , 0 , 0 , 1 , 0 , 1.399999973727972E-007 , 3.199999980552093E-007 
 6 , 0 , 0 , 0 , 1 , 0 , 0 , 0 
 0 , 0 , 0 , 0 , 0 , 1.400023421638252E-007 , 1.399999973727972E-007 , 3.199999980552093E-007 
 8 , 0 , 0 , 0 , 1 , 0 , 0 , 0 
 63 ,-285.7099914550781 , 0 , 0 , 1 , 0 , 1.399999973727972E-007 , 0 
 9 , 0 , 0 , 0 , 1 , 0 , 1.399999973727972E-007 , 0 
 34 , 0 ,-142.8549957275391 , 0 , 1 , 0 , 2.000000023372195E-007 , 3.199999980552093E-007 
 22 , 0 , 0 , 0 , 1 , 0 , 2.000000023372195E-007 , 3.199999980552093E-007 
 225 , 53.56999969482422 , 0 , 0 , 1 , 0 , 1.399999973727972E-007 , 3.199999980552093E-007 
 260 , 714 , 0 , 0 , 1 , 0 , 0 , 0 
 225 , 53.56999969482422 , 0 , 0 , 1 , 0 , 0 , 0 
 361 , 714 , 0 , 0 , 11 , 0 , 2.499999993688107E-007 , 0 
 621 , 714 , 0 , 0 , 11 , 0 , 2.499999993688107E-007 , 0 
 219 , 53.56999969482422 , 0 , 0 , 1 , 0 , 0 , 0 
 12 , 0 , 0 , 0 , 1 , 0 , 1.399999973727972E-007 , 3.199999980552093E-007 
 6 , 0 , 0 , 0 , 1 , 0 , 0 , 0 
 0 , 0 , 0 , 0 , 0 , 1.400023421638252E-007 , 1.399999973727972E-007 , 3.199999980552093E-007 
 8 , 0 , 0 , 0 , 1 , 0 , 0 , 0 
 63 ,-285.7099914550781 , 0 , 0 , 1 , 0 , 1.399999973727972E-007 , 0 
 9 , 0 , 0 , 0 , 1 , 0 , 1.399999973727972E-007 , 0 
 34 , 0 ,-142.8549957275391 , 0 , 1 , 0 , 2.000000023372195E-007 , 3.199999980552093E-007 
 22 , 0 , 0 , 0 , 1 , 0 , 2.000000023372195E-007 , 3.199999980552093E-007 
 225 , 53.56999969482422 , 0 , 0 , 1 , 0 , 1.399999973727972E-007 , 3.199999980552093E-007 
 260 , 482.1409912109375 , 0 , 0 , 1 , 0 , 0 , 0 
 225 , 53.56999969482422 , 0 , 0 , 1 , 0 , 0 , 0 
 361 , 482.1409912109375 , 0 , 0 , 11 , 0 , 2.499999993688107E-007 , 0 
 621 , 482.1409912109375 , 0 , 0 , 11 , 0 , 2.499999993688107E-007 , 0 
 219 , 53.56999969482422 , 0 , 0 , 1 , 0 , 0 , 0 
 12 , 0 , 0 , 0 , 1 , 0 , 1.399999973727972E-007 , 3.199999980552093E-007 
 6 , 0 , 0 , 0 , 1 , 0 , 0 , 0 
 0 , 0 , 0 , 0 , 0 , 1.400023421638252E-007 , 1.399999973727972E-007 , 3.199999980552093E-007 
 8 , 0 , 0 , 0 , 1 , 0 , 0 , 0 
 63 ,-285.7099914550781 , 0 , 0 , 1 , 0 , 1.399999973727972E-007 , 0 
 9 , 0 , 0 , 0 , 1 , 0 , 1.399999973727972E-007 , 0 
 34 , 0 ,-142.8549957275391 , 0 , 1 , 0 , 2.000000023372195E-007 , 3.199999980552093E-007 
 22 , 0 , 0 , 0 , 1 , 0 , 2.000000023372195E-007 , 3.199999980552093E-007 
 710 , 53.56999969482422 , 0 , 0 , 1 , 0 , 1.399999973727972E-007 , 3.199999980552093E-007 
 361 , 482.1409912109375 , 0 , 0 , 11 , 0 , 2.499999993688107E-007 , 0 
 387 , 482.1409912109375 , 0 , 0 , 11 , 0 , 2.499999993688107E-007 , 0 
 413 , 482.1409912109375 , 0 , 0 , 11 , 0 , 2.499999993688107E-007 , 0 
 439 , 482.1409912109375 , 0 , 0 , 11 , 0 , 2.499999993688107E-007 , 0 
 465 , 482.1409912109375 , 0 , 0 , 11 , 0 , 2.499999993688107E-007 , 0 
 491 , 482.1409912109375 , 0 , 0 , 11 , 0 , 2.499999993688107E-007 , 0 
 517 , 482.1409912109375 , 0 , 0 , 11 , 0 , 2.499999993688107E-007 , 0 
 543 , 482.1409912109375 , 0 , 0 , 11 , 0 , 2.499999993688107E-007 , 0 
 569 , 482.1409912109375 , 0 , 0 , 11 , 0 , 2.499999993688107E-007 , 0 
 595 , 482.1409912109375 , 0 , 0 , 11 , 0 , 2.499999993688107E-007 , 0 
 621 , 482.1409912109375 , 0 , 0 , 11 , 0 , 2.499999993688107E-007 , 0 
 219 , 53.56999969482422 , 0 , 0 , 1 , 0 , 0 , 0 
 12 , 0 , 0 , 0 , 1 , 0 , 1.399999973727972E-007 , 3.199999980552093E-007 
 6 , 0 , 0 , 0 , 1 , 0 , 0 , 0 
 0 , 0 , 0 , 0 , 0 , 1.400023421638252E-007 , 1.399999973727972E-007 , 3.199999980552093E-007 
 8 , 0 , 0 , 0 , 1 , 0 , 0 , 0 
 63 ,-285.7099914550781 , 0 , 0 , 1 , 0 , 1.399999973727972E-007 , 0 
 9 , 0 , 0 , 0 , 1 , 0 , 1.399999973727972E-007 , 0 
 34 , 0 ,-142.8549957275391 , 0 , 1 , 0 , 2.000000023372195E-007 , 3.199999980552093E-007 
 22 , 0 , 0 , 0 , 1 , 0 , 2.000000023372195E-007 , 3.199999980552093E-007 
 710 , 53.56999969482422 , 0 , 0 , 1 , 0 , 1.399999973727972E-007 , 3.199999980552093E-007 
 400 , 482.1409912109375 , 0 , 0 , 11 , 0 , 2.499999993688107E-007 , 0 
 453 , 53.56999969482422 , 0 , 0 , 1 , 0 , 0 , 0 
 12 , 0 , 0 , 0 , 1 , 0 , 1.399999973727972E-007 , 3.199999980552093E-007 
 6 , 0 , 0 , 0 , 1 , 0 , 0 , 0 
 0 , 0 , 0 , 0 , 0 , 1.400023421638252E-007 , 1.399999973727972E-007 , 3.199999980552093E-007 
 8 , 0 , 0 , 0 , 1 , 0 , 0 , 0 
 63 ,-285.7099914550781 , 0 , 0 , 1 , 0 , 1.399999973727972E-007 , 0 
 9 , 0 , 0 , 0 , 1 , 0 , 1.399999973727972E-007 , 0 
 34 , 0 ,-142.8549957275391 , 0 , 1 , 0 , 2.000000023372195E-007 , 3.199999980552093E-007 
 22 , 0 , 0 , 0 , 1 , 0 , 2.000000023372195E-007 , 3.199999980552093E-007 
 710 , 53.56999969482422 , 0 , 0 , 1 , 0 , 1.399999973727972E-007 , 3.199999980552093E-007 
 413 , 482.1409912109375 , 0 , 0 , 11 , 0 , 2.499999993688107E-007 , 0 
 427 , 53.56999969482422 , 0 , 0 , 1 , 0 , 0 , 0 
 12 , 0 , 0 , 0 , 1 , 0 , 1.399999973727972E-007 , 3.199999980552093E-007 
 6 , 0 , 0 , 0 , 1 , 0 , 0 , 0 
 0 , 0 , 0 , 0 , 0 , 1.400023421638252E-007 , 1.399999973727972E-007 , 3.199999980552093E-007 
 8 , 0 , 0 , 0 , 1 , 0 , 0 , 0 
 63 ,-285.7099914550781 , 0 , 0 , 1 , 0 , 1.399999973727972E-007 , 0 
 9 , 0 , 0 , 0 , 1 , 0 , 1.399999973727972E-007 , 0 
 34 , 0 ,-142.8549957275391 , 0 , 1 , 0 , 2.000000023372195E-007 , 3.199999980552093E-007 
 22 , 0 , 0 , 0 , 1 , 0 , 2.000000023372195E-007 , 3.199999980552093E-007 
 710 , 53.56999969482422 , 0 , 0 , 1 , 0 , 1.399999973727972E-007 , 3.199999980552093E-007 
 621 , 482.1409912109375 , 0 , 0 , 11 , 0 , 2.499999993688107E-007 , 0 
 221 , 53.56999969482422 , 0 , 0 , 1 , 0 , 0 , 0 
 12 , 0 , 0 , 0 , 1 , 0 , 1.399999973727972E-007 , 3.199999980552093E-007 
 6 , 0 , 0 , 0 , 1 , 0 , 0 , 0 
 0 , 0 , 0 , 0 , 0 , 1.400023421638252E-007 , 2.499999993688107E-007 , 3.199999980552093E-007 
 8 , 0 , 0 , 0 , 1 , 0 , 0 , 0 
 63 ,-285.7099914550781 , 0 , 0 , 1 , 0 , 1.399999973727972E-007 , 3.000000106112566E-007 
 9 , 0 , 0 , 0 , 1 , 0 , 1.399999973727972E-007 , 3.000000106112566E-007 
 34 , 0 ,-142.8549957275391 , 0 , 1 , 0 , 2.000000023372195E-007 , 3.199999980552093E-007 
 22 , 0 , 0 , 0 , 1 , 0 , 2.000000023372195E-007 , 3.199999980552093E-007 
 710 , 714 , 0 , 0 , 1 , 0 , 1.399999973727972E-007 , 0 
 12 , 0 , 0 , 0 , 1 , 0 , 1.399999973727972E-007 , 0 
 6 , 0 , 0 , 0 , 1 , 0 , 0 , 0 
 0 , 0 , 0 , 0 , 0 , 1.400023421638252E-007 , 1.399999973727972E-007 , 3.199999980552093E-007 
 8 , 0 , 0 , 0 , 1 , 0 , 0 , 0 
 63 ,-285.7098999023438 , 0 , 0 , 1 , 0 , 1.399999973727972E-007 , 0 
 9 , 0 , 0 , 0 , 1 , 0 , 1.399999973727972E-007 , 0 
 34 , 0 ,-142.8549957275391 , 0 , 1 , 0 , 2.000001728674761E-007 , 3.199999980552093E-007 
 22 , 0 , 0 , 0 , 1 , 0 , 2.000001728674761E-007 , 3.199999980552093E-007 
 710 , 53.56999969482422 , 0 , 0 , 1 , 0 , 1.399999973727972E-007 , 0 
 144.6480102539062 , 714 , 0 , 0 , 11 , 0 , 2.499999993688107E-007 , 0 
 187.9440002441406 , 714 , 0 , 0 , 11 , 0 , 2.499999993688107E-007 , 0 
 231.2369995117188 , 714 , 0 , 0 , 11 , 0 , 2.499999993688107E-007 , 0 
 274.5299987792969 , 714 , 0 , 0 , 11 , 0 , 2.499999993688107E-007 , 0 
 317.8250122070312 , 714 , 0 , 0 , 11 , 0 , 2.499999993688107E-007 , 0 
 361.1179809570312 , 714 , 0 , 0 , 11 , 0 , 2.499999993688107E-007 , 0 
 404.4119873046875 , 714 , 0 , 0 , 11 , 0 , 2.499999993688107E-007 , 0 
 447.7060241699219 , 714 , 0 , 0 , 11 , 0 , 2.499999993688107E-007 , 0 
 491 , 714 , 0 , 0 , 11 , 0 , 2.499999993688107E-007 , 0 
 534.2938232421875 , 714 , 0 , 0 , 11 , 0 , 2.499999993688107E-007 , 0 
 577.5880126953125 , 714 , 0 , 0 , 11 , 0 , 2.499999993688107E-007 , 0 
 620.8829956054688 , 714 , 0 , 0 , 11 , 0 , 2.499999993688107E-007 , 0 
 664.1749877929688 , 714 , 0 , 0 , 11 , 0 , 2.499999993688107E-007 , 0 
 707.468994140625 , 714 , 0 , 0 , 11 , 0 , 2.499999993688107E-007 , 0 
 750.7630004882812 , 714 , 0 , 0 , 11 , 0 , 2.499999993688107E-007 , 0 
 794.0570068359375 , 714 , 0 , 0 , 11 , 0 , 2.499999993688107E-007 , 0 
 837.3499755859375 , 714 , 0 , 0 , 11 , 0 , 2.499999993688107E-007 , 0 
 3 , 53.56999969482422 , 0 , 0 , 1 , 0 , 0 , 0 
 12 , 0 , 0 , 0 , 1 , 0 , 1.399999973727972E-007 , 0 
 6 , 0 , 0 , 0 , 1 , 0 , 0 , 0 
 0 , 0 , 0 , 0 , 0 , 1.399999973727972E-007 , 1.399999973727972E-007 , 0 
 8 , 0 , 0 , 0 , 1 , 0 , 0 , 0 
 63 ,-285.7099914550781 , 0 , 0 , 1 , 0 , 1.399999973727972E-007 , 3.000000106112566E-007 
 9 , 0 , 0 , 0 , 1 , 0 , 1.399999973727972E-007 , 3.000000106112566E-007 
 34 , 0 ,-142.8549957275391 , 0 , 1 , 0 , 2.000000023372195E-007 , 3.199999980552093E-007 
 22 , 0 , 0 , 0 , 1 , 0 , 2.000000023372195E-007 , 3.199999980552093E-007 
 179 , 53.56999969482422 , 0 , 0 , 1 , 0 , 1.399999973727972E-007 , 0 
 31 , 39.28400039672852 , 0 , 0 , 1 , 0 , 2.499999993688107E-007 , 0 
 31 , 53.56999969482422 , 0 , 0 , 1 , 0 , 2.499999993688107E-007 , 0 
 31 , 67.85600280761719 , 0 , 0 , 1 , 0 , 2.499999993688107E-007 , 0 
 98 , 53.56999969482422 , 0 , 0 , 1 , 0 , 2.499999993688107E-007 , 0 
 162 , 714 , 0 , 0 , 1 , 0 , 2.499999993688107E-007 , 0 
 178 , 53.56999969482422 , 0 , 0 , 1 , 0 , 2.499999993688107E-007 , 0 
 12 , 0 , 0 , 0 , 1 , 0 , 1.399999973727972E-007 , 3.000000106112566E-007 
 6 , 0 , 0 , 0 , 1 , 0 , 0 , 0 
 0 , 0 , 0 , 0 , 0 , 1.400023421638252E-007 , 1.399999973727972E-007 , 3.199999980552093E-007 
 8 , 0 , 0 , 0 , 1 , 0 , 0 , 0 
 63 ,-285.7099914550781 , 0 , 0 , 1 , 0 , 1.399999973727972E-007 , 3.000000106112566E-007 
 9 , 0 , 0 , 0 , 1 , 0 , 1.399999973727972E-007 , 3.000000106112566E-007 
 34 , 0 ,-142.8549957275391 , 0 , 1 , 0 , 2.000000023372195E-007 , 3.199999980552093E-007 
 22 , 0 , 0 , 0 , 1 , 0 , 2.000000023372195E-007 , 3.199999980552093E-007 
 179 , 53.56999969482422 , 0 , 0 , 1 , 0 , 1.399999973727972E-007 , 0 
 31 , 39.28400039672852 , 0 , 0 , 1 , 0 , 2.499999993688107E-007 , 0 
 31 , 53.56999969482422 , 0 , 0 , 1 , 0 , 2.499999993688107E-007 , 0 
 31 , 67.85600280761719 , 0 , 0 , 1 , 0 , 2.499999993688107E-007 , 0 
 98 , 53.56999969482422 , 0 , 0 , 1 , 0 , 2.499999993688107E-007 , 0 
 162 , 470 , 0 , 0 , 1 , 0 , 2.499999993688107E-007 , 0 
 178 , 53.56999969482422 , 0 , 0 , 1 , 0 , 2.499999993688107E-007 , 0 
 12 , 0 , 0 , 0 , 1 , 0 , 1.399999973727972E-007 , 3.000000106112566E-007 
 6 , 0 , 0 , 0 , 1 , 0 , 0 , 0 
 0 , 0 , 0 , 0 , 0 , 1.400023421638252E-007 , 1.399999973727972E-007 , 3.199999980552093E-007 
 8 , 0 , 0 , 0 , 1 , 0 , 0 , 0 
 63 ,-285.7099914550781 , 0 , 0 , 1 , 0 , 1.399999973727972E-007 , 3.000000106112566E-007 
 9 , 0 , 0 , 0 , 1 , 0 , 1.399999973727972E-007 , 3.000000106112566E-007 
 34 , 0 ,-142.8549957275391 , 0 , 1 , 0 , 2.000000023372195E-007 , 3.199999980552093E-007 
 22 , 0 , 0 , 0 , 1 , 0 , 2.000000023372195E-007 , 3.199999980552093E-007 
 179 , 53.56999969482422 , 0 , 0 , 1 , 0 , 1.399999973727972E-007 , 0 
 31 , 39.28400039672852 , 0 , 0 , 1 , 0 , 2.499999993688107E-007 , 0 
 31 , 53.56999969482422 , 0 , 0 , 1 , 0 , 2.499999993688107E-007 , 0 
 31 , 67.85600280761719 , 0 , 0 , 1 , 0 , 2.499999993688107E-007 , 0 
 98 , 53.56999969482422 , 0 , 0 , 1 , 0 , 2.499999993688107E-007 , 0 
 162 , 286 , 0 , 0 , 1 , 0 , 2.499999993688107E-007 , 0 
 178 , 53.56999969482422 , 0 , 0 , 1 , 0 , 2.499999993688107E-007 , 0 
 12 , 0 , 0 , 0 , 1 , 0 , 1.399999973727972E-007 , 3.000000106112566E-007 
 6 , 0 , 0 , 0 , 1 , 0 , 0 , 0 
 0 , 0 , 0 , 0 , 0 , 1.400023421638252E-007 , 1.399999973727972E-007 , 3.199999980552093E-007 
 8 , 0 , 0 , 0 , 1 , 0 , 0 , 0 
 63 ,-285.7099914550781 , 0 , 0 , 1 , 0 , 1.399999973727972E-007 , 3.000000106112566E-007 
 9 , 0 , 0 , 0 , 1 , 0 , 1.399999973727972E-007 , 3.000000106112566E-007 
 34 , 0 ,-142.8549957275391 , 0 , 1 , 0 , 2.000000023372195E-007 , 3.199999980552093E-007 
 22 , 0 , 0 , 0 , 1 , 0 , 2.000000023372195E-007 , 3.199999980552093E-007 
 179 , 53.56999969482422 , 0 , 0 , 1 , 0 , 1.399999973727972E-007 , 0 
 31 , 39.28400039672852 , 0 , 0 , 1 , 0 , 2.499999993688107E-007 , 0 
 31 , 53.56999969482422 , 0 , 0 , 1 , 0 , 2.499999993688107E-007 , 0 
 31 , 67.85600280761719 , 0 , 0 , 1 , 0 , 2.499999993688107E-007 , 0 
 98 , 53.56999969482422 , 0 , 0 , 1 , 0 , 2.499999993688107E-007 , 0 
 162 , 153 , 0 , 0 , 1 , 0 , 2.499999993688107E-007 , 0 
 178 , 53.56999969482422 , 0 , 0 , 1 , 0 , 2.499999993688107E-007 , 0 
 12 , 0 , 0 , 0 , 1 , 0 , 1.399999973727972E-007 , 3.000000106112566E-007 
 6 , 0 , 0 , 0 , 1 , 0 , 0 , 0 
 0 , 0 , 0 , 0 , 0 , 1.400023421638252E-007 , 1.399999973727972E-007 , 3.199999980552093E-007 
 8 , 0 , 0 , 0 , 1 , 0 , 0 , 0 
 63 ,-285.7099914550781 , 0 , 0 , 1 , 0 , 1.399999973727972E-007 , 3.000000106112566E-007 
 9 , 0 , 0 , 0 , 1 , 0 , 1.399999973727972E-007 , 3.000000106112566E-007 
 34 , 0 ,-142.8549957275391 , 0 , 1 , 0 , 2.000000023372195E-007 , 3.199999980552093E-007 
 22 , 0 , 0 , 0 , 1 , 0 , 2.000000023372195E-007 , 3.199999980552093E-007 
 160 , 53.56999969482422 , 0 , 0 , 1 , 0 , 1.399999973727972E-007 , 0 
 390 , 714 , 0 , 0 , 1 , 0 , 2.499999993688107E-007 , 0 
 160 , 53.56999969482422 , 0 , 0 , 1 , 0 , 2.499999993688107E-007 , 0 
 12 , 0 , 0 , 0 , 1 , 0 , 1.399999973727972E-007 , 3.000000106112566E-007 
 6 , 0 , 0 , 0 , 1 , 0 , 0 , 0 
 0 , 0 , 0 , 0 , 0 , 1.400023421638252E-007 , 1.399999973727972E-007 , 3.199999980552093E-007 
 8 , 0 , 0 , 0 , 1 , 0 , 0 , 0 
 63 ,-285.7099914550781 , 0 , 0 , 1 , 0 , 1.399999973727972E-007 , 3.000000106112566E-007 
 9 , 0 , 0 , 0 , 1 , 0 , 1.399999973727972E-007 , 3.000000106112566E-007 
 34 , 0 ,-142.8549957275391 , 0 , 1 , 0 , 2.000000023372195E-007 , 3.199999980552093E-007 
 22 , 0 , 0 , 0 , 1 , 0 , 2.000000023372195E-007 , 3.199999980552093E-007 
 160 , 53.54999923706055 , 0 , 0 , 1 , 0 , 1.399999973727972E-007 , 0 
 176 , 714 , 0 , 0 , 1 , 0 , 2.499999993688107E-007 , 0 
 37 , 53.54999923706055 , 0 , 0 , 1 , 0 , 2.499999993688107E-007 , 0 
 177 , 714 , 0 , 0 , 1 , 0 , 2.499999993688107E-007 , 0 
 160 , 53.56999969482422 , 0 , 0 , 1 , 0 , 2.499999993688107E-007 , 0 
 12 , 0 , 0 , 0 , 1 , 0 , 1.399999973727972E-007 , 3.000000106112566E-007 
 6 , 0 , 0 , 0 , 1 , 0 , 0 , 0 
 0 , 0 , 0 , 0 , 0 , 1.400023421638252E-007 , 1.399999973727972E-007 , 3.199999980552093E-007 
 8 , 0 , 0 , 0 , 1 , 0 , 0 , 0 
 63 ,-285.7099914550781 , 0 , 0 , 1 , 0 , 1.399999973727972E-007 , 3.000000106112566E-007 
 9 , 0 , 0 , 0 , 1 , 0 , 1.399999973727972E-007 , 3.000000106112566E-007 
 34 , 0 ,-142.8549957275391 , 0 , 1 , 0 , 2.000000023372195E-007 , 3.199999980552093E-007 
 22 , 0 , 0 , 0 , 1 , 0 , 2.000000023372195E-007 , 3.199999980552093E-007 
 710 , 53.56999969482422 , 0 , 0 , 1 , 0 , 1.399999973727972E-007 , 3.000000106112566E-007 
 171 , 714 , 0 , 0 , 11 , 0 , 2.499999993688107E-007 , 0 
 207 , 714 , 0 , 0 , 11 , 0 , 2.499999993688107E-007 , 0 
 774 , 714 , 0 , 0 , 11 , 0 , 2.499999993688107E-007 , 0 
 810 , 714 , 0 , 0 , 11 , 0 , 2.499999993688107E-007 , 0 
 30 , 53.56999969482422 , 0 , 0 , 1 , 0 , 0 , 0 
 12 , 0 , 0 , 0 , 1 , 0 , 1.399999973727972E-007 , 3.000000106112566E-007 
 6 , 0 , 0 , 0 , 1 , 0 , 0 , 0 
 0 , 0 , 0 , 0 , 0 , 1.400023421638252E-007 , 2.499999993688107E-007 , 3.199999980552093E-007 
 8 , 0 , 0 , 0 , 1 , 0 , 0 , 0 
 63 ,-285.7099914550781 , 0 , 0 , 1 , 0 , 1.399999973727972E-007 , 3.000000106112566E-007 
 9 , 0 , 0 , 0 , 1 , 0 , 1.399999973727972E-007 , 3.000000106112566E-007 
 34 , 0 ,-142.8549957275391 , 0 , 1 , 0 , 2.000000023372195E-007 , 3.199999980552093E-007 
 22 , 0 , 0 , 0 , 1 , 0 , 2.000000023372195E-007 , 3.199999980552093E-007 
 710 , 53.56999969482422 , 0 , 0 , 1 , 0 , 1.399999973727972E-007 , 3.000000106112566E-007 
 171 , 714 , 0 , 0 , 11 , 0 , 2.499999993688107E-007 , 0 
 491 , 714 , 0 , 0 , 11 , 0 , 2.499999993688107E-007 , 0 
 810 , 714 , 0 , 0 , 11 , 0 , 2.499999993688107E-007 , 0 
 30 , 53.56999969482422 , 0 , 0 , 1 , 0 , 0 , 0 
 12 , 0 , 0 , 0 , 1 , 0 , 1.399999973727972E-007 , 3.000000106112566E-007 
 6 , 0 , 0 , 0 , 1 , 0 , 0 , 0 
 0 , 0 , 0 , 0 , 0 , 1.400023421638252E-007 , 1.399999973727972E-007 , 3.199999980552093E-007 
 8 , 0 , 0 , 0 , 1 , 0 , 0 , 0 
 63 ,-285.7099914550781 , 0 , 0 , 1 , 0 , 1.399999973727972E-007 , 3.000000106112566E-007 
 9 , 0 , 0 , 0 , 1 , 0 , 1.399999973727972E-007 , 3.000000106112566E-007 
 34 , 0 ,-142.8549957275391 , 0 , 1 , 0 , 2.000000023372195E-007 , 3.199999980552093E-007 
 22 , 0 , 0 , 0 , 1 , 0 , 2.000000023372195E-007 , 3.199999980552093E-007 
 710 , 53.56999969482422 , 0 , 0 , 1 , 0 , 1.399999973727972E-007 , 3.000000106112566E-007 
 171 , 714 , 0 , 0 , 11 , 0 , 2.499999993688107E-007 , 0 
 295 , 53.56999969482422 , 0 , 0 , 1 , 0 , 0 , 0 
 37 , 714 , 0 , 0 , 1 , 0 , 2.499999993688107E-007 , 0 
 300 , 53.56999969482422 , 0 , 0 , 1 , 0 , 2.499999993688107E-007 , 0 
 810 , 714 , 0 , 0 , 11 , 0 , 2.499999993688107E-007 , 0 
 30 , 53.56999969482422 , 0 , 0 , 1 , 0 , 0 , 0 
 12 , 0 , 0 , 0 , 1 , 0 , 1.399999973727972E-007 , 3.000000106112566E-007 
 6 , 0 , 0 , 0 , 1 , 0 , 0 , 0 
 0 , 0 , 0 , 0 , 0 , 1.400023421638252E-007 , 1.399999973727972E-007 , 3.199999980552093E-007 
 8 , 0 , 0 , 0 , 1 , 0 , 0 , 0 
 63 ,-285.7099914550781 , 0 , 0 , 1 , 0 , 1.399999973727972E-007 , 3.000000106112566E-007 
 9 , 0 , 0 , 0 , 1 , 0 , 1.399999973727972E-007 , 3.000000106112566E-007 
 34 , 0 ,-142.8549957275391 , 0 , 1 , 0 , 2.000000023372195E-007 , 3.199999980552093E-007 
 22 , 0 , 0 , 0 , 1 , 0 , 2.000000023372195E-007 , 3.199999980552093E-007 
 710 , 201.7590026855469 ,-73.05599975585938 , 304.6839904785156 , 1 , 0 , 1.399999973727972E-007 , 3.20000111742047E-007 
 12 , 0 , 0 , 0 , 1 , 0 , 1.399999973727972E-007 , 3.000000106112566E-007 
 6 , 0 , 0 , 0 , 1 , 0 , 0 , 0 
 0 , 0 , 0 , 0 , 0 , 1.400023421638252E-007 , 1.399999973727972E-007 , 3.199999980552093E-007 
 8 , 0 , 0 , 0 , 1 , 0 , 0 , 0 
 63 ,-285.7099914550781 , 0 , 0 , 1 , 0 , 1.399999973727972E-007 , 3.000000106112566E-007 
 9 , 0 , 0 , 0 , 1 , 0 , 1.399999973727972E-007 , 3.000000106112566E-007 
 34 , 0 ,-142.8549957275391 , 0 , 1 , 0 , 2.000000023372195E-007 , 3.199999980552093E-007 
 22 , 0 , 0 , 0 , 1 , 0 , 2.000000023372195E-007 , 3.199999980552093E-007 
 706 , 714 , 0 , 0 , 3 , 0 , 0 , 0 
 4 , 714 , 0 , 0 , 1 , 0 , 0 , 0 
 12 , 0 , 0 , 0 , 1 , 0 , 1.399999973727972E-007 , 3.000000106112566E-007 
 6 , 0 , 0 , 0 , 1 , 0 , 0 , 0 
 0 , 0 , 0 , 0 , 0 , 1.400023421638252E-007 , 1.399999973727972E-007 , 3.199999980552093E-007 
 8 , 0 , 0 , 0 , 1 , 0 , 0 , 0 
 63 ,-285.7099914550781 , 0 , 0 , 1 , 0 , 1.399999973727972E-007 , 3.000000106112566E-007 
 9 , 0 , 0 , 0 , 1 , 0 , 1.399999973727972E-007 , 3.000000106112566E-007 
 34 , 0 ,-142.8549957275391 , 0 , 1 , 0 , 2.000000023372195E-007 , 3.199999980552093E-007 
 22 , 0 , 0 , 0 , 1 , 0 , 2.000000023372195E-007 , 3.199999980552093E-007 
 5 , 0 , 0 , 0 , 1 , 0 , 0 , 0 
 82 , 714 , 0 , 0 , 1 , 0 , 2.499999993688107E-007 , 0 
 54 , 285.6000061035156 , 0 , 0 , 1 , 0 , 2.499999993688107E-007 , 0 
 108 , 428.6000061035156 , 0 , 0 , 2 , 500000 , 0 , 0 
 26 , 285.6000061035156 , 0 , 0 , 1 , 0 , 0 , 0 
 65 , 428.6000061035156 , 0 , 0 , 2 , 1250000 , 2.499999993688107E-007 , 0 
 19 , 285.6000061035156 , 0 , 0 , 1 , 0 , 0 , 0 
 61 , 428.6000061035156 , 0 , 0 , 2 , 2000000 , 3.000000106112566E-007 , 0 
 20 , 285.6000061035156 , 0 , 0 , 1 , 0 , 0 , 0 
 59 , 428.6000061035156 , 0 , 0 , 2 , 3000000 , 3.499999934319931E-007 , 0 
 23 , 285.6000061035156 , 0 , 0 , 1 , 0 , 0 , 0 
 53 , 428.6000061035156 , 0 , 0 , 2 , 3579545 , 3.750000132640707E-007 , 0 
 28 , 285.6000061035156 , 0 , 0 , 1 , 0 , 0 , 0 
 53 , 428.6000061035156 , 0 , 0 , 2 , 4100000 , 4.00000004674439E-007 , 0 
 46 , 285.6000061035156 , 0 , 0 , 1 , 0 , 0 , 0 
 5 , 0 , 0 , 0 , 1 , 0 , 2.499999993688107E-007 , 0 
 12 , 0 , 0 , 0 , 1 , 0 , 2.000000023372195E-007 , 3.000000106112566E-007 
 6 , 0 , 0 , 0 , 1 , 0 , 0 , 0 
 0 , 0 , 0 , 0 , 0 , 1.400023421638252E-007 , 1.399999973727972E-007 , 3.199999980552093E-007 
 8 , 0 , 0 , 0 , 1 , 0 , 0 , 0 
 63 ,-300 , 0 , 0 , 1 , 0 , 2.350000016804188E-007 , 0 
 13 , 0 , 0 , 0 , 1 , 0 , 2.350000016804188E-007 , 0 
 30 , 0 ,-106.0599975585938 , 106.0599975585938 , 1 , 0 , 2.350000016804188E-007 , 3.199999980552093E-007 
 36 , 0 , 0 , 0 , 1 , 0 , 2.350000016804188E-007 , 3.199999980552093E-007 
 87 , 525 , 0 , 0 , 1 , 0 , 2.000000023372195E-007 , 3.199999980552093E-007 
 88 , 465.2000122070312 ,-229.3000030517578 , 52.5 , 1 , 0 , 2.000000023372195E-007 , 3.199999980552093E-007 
 88 , 368.2000122070312 , 77.40000152587891 ,-322.7999877929688 , 1 , 0 , 2.000000023372195E-007 , 3.199999980552093E-007 
 88 , 308.2000122070312 ,-151.8999938964844 ,-270.2999877929688 , 1 , 0 , 2.000000023372195E-007 , 3.199999980552093E-007 
 88 , 216.8000030517578 , 151.8999938964844 , 270.2999877929688 , 1 , 0 , 2.000000023372195E-007 , 3.199999980552093E-007 
 88 , 157 ,-77.40000152587891 , 322.7999877929688 , 1 , 0 , 2.000000023372195E-007 , 3.199999980552093E-007 
 88 , 59.90000152587891 , 229.3000030517578 ,-52.5 , 1 , 0 , 2.000000023372195E-007 , 3.199999980552093E-007 
 87 , 0 , 0 , 0 , 1 , 0 , 2.000000023372195E-007 , 3.199999980552093E-007 
 12 , 0 , 0 , 0 , 1 , 0 , 2.000000023372195E-007 , 3.199999980552093E-007 
 0 , 0 , 0 , 0 , 0 , 2.350000016804188E-007 , 2.000000023372195E-007 , 3.199999980552093E-007 
 8 , 0 , 0 , 0 , 1 , 0 , 0 , 0 
 63 ,-300 , 0 , 0 , 1 , 0 , 2.350000016804188E-007 , 0 
 13 , 0 , 0 , 0 , 1 , 0 , 2.350000016804188E-007 , 0 
 30 , 0 ,-106.0599975585938 , 106.0599975585938 , 1 , 0 , 2.350000016804188E-007 , 3.199999980552093E-007 
 36 , 0 , 0 , 0 , 1 , 0 , 2.350000016804188E-007 , 3.199999980552093E-007 
 87 , 700 , 0 , 0 , 1 , 0 , 2.000000023372195E-007 , 3.199999980552093E-007 
 88 , 620.2666625976562 ,-305.7333374023438 , 70 , 1 , 0 , 2.000000023372195E-007 , 3.199999980552093E-007 
 88 , 490.9333190917969 , 103.2000045776367 ,-430.3999938964844 , 1 , 0 , 2.000000023372195E-007 , 3.199999980552093E-007 
 88 , 410.9333190917969 ,-202.5332946777344 ,-360.3999938964844 , 1 , 0 , 2.000000023372195E-007 , 3.199999980552093E-007 
 88 , 289.0666809082031 , 202.5332336425781 , 360.3999938964844 , 1 , 0 , 2.000000023372195E-007 , 3.199999980552093E-007 
 88 , 209.3332977294922 ,-103.2000122070312 , 430.3999633789062 , 1 , 0 , 2.000000023372195E-007 , 3.199999980552093E-007 
 88 , 79.86666870117188 , 305.7333374023438 ,-70 , 1 , 0 , 2.000000023372195E-007 , 3.199999980552093E-007 
 87 , 0 , 0 , 0 , 1 , 0 , 2.000000023372195E-007 , 3.199999980552093E-007 
 12 , 0 , 0 , 0 , 1 , 0 , 2.000000023372195E-007 , 3.199999980552093E-007 
 0 , 0 , 0 , 0 , 0 , 2.350000016804188E-007 , 2.000000023372195E-007 , 3.199999980552093E-007 
 8 , 0 , 0 , 0 , 1 , 0 , 0 , 0 
 63 ,-300 , 0 , 0 , 1 , 0 , 2.350000016804188E-007 , 0 
 13 , 0 , 0 , 0 , 1 , 0 , 2.350000016804188E-007 , 0 
 30 , 0 ,-106.0599975585938 , 106.0599975585938 , 1 , 0 , 2.350000016804188E-007 , 3.199999980552093E-007 
 36 , 0 , 0 , 0 , 1 , 0 , 2.350000016804188E-007 , 3.199999980552093E-007 
 117 , 0 , 0 , 0 , 1 , 0 , 2.250000079584424E-007 , 0 
 117 , 140 , 0 , 0 , 1 , 0 , 2.250000079584424E-007 , 0 
 117 , 280 , 0 , 0 , 1 , 0 , 2.250000079584424E-007 , 0 
 117 , 420 , 0 , 0 , 1 , 0 , 2.250000079584424E-007 , 0 
 117 , 560 , 0 , 0 , 1 , 0 , 2.250000079584424E-007 , 0 
 107 , 700 , 0 , 0 , 1 , 0 , 2.250000079584424E-007 , 0 
 10 , 700 , 0 , 0 , 1 , 0 , 2.250000079584424E-007 , 0 
 12 , 0 , 0 , 0 , 1 , 0 , 2.250000079584424E-007 , 0 
 0 , 0 , 0 , 0 , 0 , 2.350000016804188E-007 , 2.350000016804188E-007 , 3.000000106112566E-007 
 8 , 0 , 0 , 0 , 1 , 0 , 0 , 0 
 63 ,-300 , 0 , 0 , 1 , 0 , 2.350000016804188E-007 , 0 
 13 , 0 , 0 , 0 , 1 , 0 , 2.350000016804188E-007 , 0 
 30 , 0 ,-106.0599975585938 , 106.0599975585938 , 1 , 0 , 2.350000016804188E-007 , 3.199999980552093E-007 
 36 , 0 , 0 , 0 , 1 , 0 , 2.350000016804188E-007 , 3.199999980552093E-007 
 63 , 0 , 0 , 0 , 1 , 0 , 2.250000079584424E-007 , 0 
 64 , 70 , 0 , 0 , 1 , 0 , 2.250000079584424E-007 , 0 
 64 , 140 , 0 , 0 , 1 , 0 , 2.250000079584424E-007 , 0 
 64 , 210 , 0 , 0 , 1 , 0 , 2.250000079584424E-007 , 0 
 64 , 280 , 0 , 0 , 1 , 0 , 2.250000079584424E-007 , 0 
 64 , 350 , 0 , 0 , 1 , 0 , 2.250000079584424E-007 , 0 
 64 , 420 , 0 , 0 , 1 , 0 , 2.250000079584424E-007 , 0 
 64 , 490 , 0 , 0 , 1 , 0 , 2.250000079584424E-007 , 0 
 64 , 560 , 0 , 0 , 1 , 0 , 2.250000079584424E-007 , 0 
 64 , 630 , 0 , 0 , 1 , 0 , 2.250000079584424E-007 , 0 
 53 , 700 , 0 , 0 , 1 , 0 , 2.250000079584424E-007 , 0 
 10 , 700 , 0 , 0 , 1 , 0 , 2.250000079584424E-007 , 0 
 12 , 0 , 0 , 0 , 1 , 0 , 2.350000016804188E-007 , 0 
 0 , 0 , 0 , 0 , 0 , 2.350000016804188E-007 , 2.350000016804188E-007 , 3.000000106112566E-007 
 8 , 0 , 0 , 0 , 1 , 0 , 0 , 0 
 63 ,-285.7099914550781 , 0 , 0 , 1 , 0 , 1.399999973727972E-007 , 3.000000106112566E-007 
 9 , 0 , 0 , 0 , 1 , 0 , 1.399999973727972E-007 , 3.000000106112566E-007 
 34 , 0 ,-142.8549957275391 , 0 , 1 , 0 , 2.000000023372195E-007 , 3.199999980552093E-007 
 22 , 0 , 0 , 0 , 1 , 0 , 2.000000023372195E-007 , 3.199999980552093E-007 
 119 , 0 , 0 , 0 , 1 , 0 , 1.400700000431243E-007 , 3.000000106112566E-007 
 118 , 142.8125 , 0 , 0 , 1 , 0 , 2.800001084324322E-007 , 0 
 118 , 285.625 , 0 , 0 , 1 , 0 , 2.800009895054245E-007 , 0 
 118 , 428.4375 , 0 , 0 , 1 , 0 , 2.80009999187314E-007 , 0 
 118 , 571.25 , 0 , 0 , 1 , 0 , 2.80009999187314E-007 , 0 
 109 , 714.0625 , 0 , 0 , 1 , 0 , 2.80009999187314E-007 , 0 
 10 , 714.0625 , 0 , 0 , 1 , 0 , 2.80009999187314E-007 , 0 
 12 , 0 , 0 , 0 , 1 , 0 , 1.399999973727972E-007 , 3.000000106112566E-007 
 6 , 0 , 0 , 0 , 1 , 0 , 0 , 0 
 0 , 0 , 0 , 0 , 0 , 1.400023421638252E-007 , 1.399999973727972E-007 , 3.199999980552093E-007 
 8 , 0 , 0 , 0 , 1 , 0 , 0 , 0 
 63 ,-285.7099914550781 , 0 , 0 , 1 , 0 , 1.399999973727972E-007 , 3.000000106112566E-007 
 9 , 0 , 0 , 0 , 1 , 0 , 1.399999973727972E-007 , 3.000000106112566E-007 
 34 , 0 ,-142.8549957275391 , 0 , 1 , 0 , 2.000000023372195E-007 , 3.199999980552093E-007 
 22 , 0 , 0 , 0 , 1 , 0 , 2.000000023372195E-007 , 3.199999980552093E-007 
 67 , 0 , 0 , 0 , 1 , 0 , 1.400700000431243E-007 , 3.000000106112566E-007 
 64 , 71.25 , 0 , 0 , 1 , 0 , 2.80009999187314E-007 , 0 
 64 , 142.5 , 0 , 0 , 1 , 0 , 2.80009999187314E-007 , 0 
 64 , 213.75 , 0 , 0 , 1 , 0 , 2.80009999187314E-007 , 0 
 64 , 285 , 0 , 0 , 1 , 0 , 2.80009999187314E-007 , 0 
 64 , 356.25 , 0 , 0 , 1 , 0 , 2.8010001074108E-007 , 0 
 64 , 427.5 , 0 , 0 , 1 , 0 , 2.80009999187314E-007 , 0 
 64 , 498.75 , 0 , 0 , 1 , 0 , 2.80009999187314E-007 , 0 
 64 , 570 , 0 , 0 , 1 , 0 , 2.80009999187314E-007 , 0 
 64 , 641.25 , 0 , 0 , 1 , 0 , 2.80009999187314E-007 , 0 
 57 , 712.5 , 0 , 0 , 1 , 0 , 2.800009895054245E-007 , 0 
 10 , 712.5 , 0 , 0 , 1 , 0 , 2.800009895054245E-007 , 0 
 12 , 0 , 0 , 0 , 1 , 0 , 1.399999973727972E-007 , 3.000000106112566E-007 
 6 , 0 , 0 , 0 , 1 , 0 , 0 , 0 
 0 , 0 , 0 , 0 , 0 , 1.400023421638252E-007 , 1.399999973727972E-007 , 3.199999980552093E-007 
 0 , 0 , 0 , 0 , 0 , 0 , 0 , 0 
 0 , 0 , 0 , 0 , 0 , 0 , 0 , 0 
 0 , 0 , 0 , 0 , 0 , 0 , 0 , 0 
 0 , 0 , 0 , 0 , 0 , 0 , 0 , 0 
 0 , 0 , 0 , 0 , 0 , 0 , 0 , 0 
 0 , 0 , 0 , 0 , 0 , 0 , 0 , 0 
 0 , 0 , 0 , 0 , 0 , 0 , 0 , 0 
 0 , 0 , 0 , 0 , 0 , 0 , 0 , 0 
 0 , 0 , 0 , 0 , 0 , 0 , 0 , 0 
 0 , 0 , 0 , 0 , 0 , 0 , 0 , 0 
 0 , 0 , 0 , 0 , 0 , 0 , 0 , 0 
 0 , 0 , 0 , 0 , 0 , 0 , 0 , 0 
 0 , 0 , 0 , 0 , 0 , 0 , 0 , 0 
 0 , 0 , 0 , 0 , 0 , 0 , 0 , 0 
 0 , 0 , 0 , 0 , 0 , 0 , 0 , 0 
 0 , 0 , 0 , 0 , 0 , 0 , 0 , 0 
 0 , 0 , 0 , 0 , 0 , 0 , 0 , 0 
 0 , 0 , 0 , 0 , 0 , 0 , 0 , 0 
 0 , 0 , 0 , 0 , 0 , 0 , 0 , 0 
 0 , 0 , 0 , 0 , 0 , 0 , 0 , 0 
 0 , 0 , 0 , 0 , 0 , 0 , 0 , 0 
 0 , 0 , 0 , 0 , 0 , 0 , 0 , 0 
 0 , 0 , 0 , 0 , 0 , 0 , 0 , 0 
 0 , 0 , 0 , 0 , 0 , 0 , 0 , 0 
 0 , 0 , 0 , 0 , 0 , 0 , 0 , 0 
 0 , 0 , 0 , 0 , 0 , 0 , 0 , 0 
 0 , 0 , 0 , 0 , 0 , 0 , 0 , 0 
 0 , 0 , 0 , 0 , 0 , 0 , 0 , 0 
 0 , 0 , 0 , 0 , 0 , 0 , 0 , 0 
 0 , 0 , 0 , 0 , 0 , 0 , 0 , 0 
 0 , 0 , 0 , 0 , 0 , 0 , 0 , 0 
 0 , 0 , 0 , 0 , 0 , 0 , 0 , 0 
 0 , 0 , 0 , 0 , 0 , 0 , 0 , 0 
 0 , 0 , 0 , 0 , 0 , 0 , 0 , 0 
 0 , 0 , 0 , 0 , 0 , 0 , 0 , 0 
 0 , 0 , 0 , 0 , 0 , 0 , 0 , 0 
 0 , 0 , 0 , 0 , 0 , 0 , 0 , 0 
 0 , 0 , 0 , 0 , 0 , 0 , 0 , 0 
 0 , 0 , 0 , 0 , 0 , 0 , 0 , 0 
 0 , 0 , 0 , 0 , 0 , 0 , 0 , 0 
 0 , 0 , 0 , 0 , 0 , 0 , 0 , 0 
 0 , 0 , 0 , 0 , 0 , 0 , 0 , 0 
 0 , 0 , 0 , 0 , 0 , 0 , 0 , 0 
 0 , 0 , 0 , 0 , 0 , 0 , 0 , 0 
 0 , 0 , 0 , 0 , 0 , 0 , 0 , 0 
 0 , 0 , 0 , 0 , 0 , 0 , 0 , 0 
 0 , 0 , 0 , 0 , 0 , 0 , 0 , 0 
 0 , 0 , 0 , 0 , 0 , 0 , 0 , 0 
 0 , 0 , 0 , 0 , 0 , 0 , 0 , 0 
 0 , 0 , 0 , 0 , 0 , 0 , 0 , 0 
 0 , 0 , 0 , 0 , 0 , 0 , 0 , 0 
 0 , 0 , 0 , 0 , 0 , 0 , 0 , 0 
 0 , 0 , 0 , 0 , 0 , 0 , 0 , 0 
 0 , 0 , 0 , 0 , 0 , 0 , 0 , 0 
 0 , 0 , 0 , 0 , 0 , 0 , 0 , 0 
 0 , 0 , 0 , 0 , 0 , 0 , 0 , 0 
 0 , 0 , 0 , 0 , 0 , 0 , 0 , 0 
 0 , 0 , 0 , 0 , 0 , 0 , 0 , 0 
 0 , 0 , 0 , 0 , 0 , 0 , 0 , 0 
 0 , 0 , 0 , 0 , 0 , 0 , 0 , 0 
 0 , 0 , 0 , 0 , 0 , 0 , 0 , 0 
 0 , 0 , 0 , 0 , 0 , 0 , 0 , 0 
 0 , 0 , 0 , 0 , 0 , 0 , 0 , 0 
 0 , 0 , 0 , 0 , 0 , 0 , 0 , 0 
 0 , 0 , 0 , 0 , 0 , 0 , 0 , 0 
 0 , 0 , 0 , 0 , 0 , 0 , 0 , 0 
 0 , 0 , 0 , 0 , 0 , 0 , 0 , 0 
 0 , 0 , 0 , 0 , 0 , 0 , 0 , 0 
 0 , 0 , 0 , 0 , 0 , 0 , 0 , 0 
 0 , 0 , 0 , 0 , 0 , 0 , 0 , 0 
 0 , 0 , 0 , 0 , 0 , 0 , 0 , 0 
 0 , 0 , 0 , 0 , 0 , 0 , 0 , 0 
 0 , 0 , 0 , 0 , 0 , 0 , 0 , 0 
 0 , 0 , 0 , 0 , 0 , 0 , 0 , 0 
 0 , 0 , 0 , 0 , 0 , 0 , 0 , 0 
 0 , 0 , 0 , 0 , 0 , 0 , 0 , 0 
 0 , 0 , 0 , 0 , 0 , 0 , 0 , 0 
 0 , 0 , 0 , 0 , 0 , 0 , 0 , 0 
 0 , 0 , 0 , 0 , 0 , 0 , 0 , 0 
 0 , 0 , 0 , 0 , 0 , 0 , 0 , 0 
 0 , 0 , 0 , 0 , 0 , 0 , 0 , 0 
 0 , 0 , 0 , 0 , 0 , 0 , 0 , 0 
 0 , 0 , 0 , 0 , 0 , 0 , 0 , 0 
 0 , 0 , 0 , 0 , 0 , 0 , 0 , 0 
 0 , 0 , 0 , 0 , 0 , 0 , 0 , 0 
 0 , 0 , 0 , 0 , 0 , 0 , 0 , 0 
 0 , 0 , 0 , 0 , 0 , 0 , 0 , 0 
 0 , 0 , 0 , 0 , 0 , 0 , 0 , 0 
 0 , 0 , 0 , 0 , 0 , 0 , 0 , 0 
 0 , 0 , 0 , 0 , 0 , 0 , 0 , 0 
 0 , 0 , 0 , 0 , 0 , 0 , 0 , 0 
 0 , 0 , 0 , 0 , 0 , 0 , 0 , 0 
 0 , 0 , 0 , 0 , 0 , 0 , 0 , 0 
 0 , 0 , 0 , 0 , 0 , 0 , 0 , 0 
 0 , 0 , 0 , 0 , 0 , 0 , 0 , 0 
 0 , 0 , 0 , 0 , 0 , 0 , 0 , 0 
 0 , 0 , 0 , 0 , 0 , 0 , 0 , 0 
 0 , 0 , 0 , 0 , 0 , 0 , 0 , 0 
 0 , 0 , 0 , 0 , 0 , 0 , 0 , 0 
 0 , 0 , 0 , 0 , 0 , 0 , 0 , 0 
 0 , 0 , 0 , 0 , 0 , 0 , 0 , 0 
 0 , 0 , 0 , 0 , 0 , 0 , 0 , 0 
 0 , 0 , 0 , 0 , 0 , 0 , 0 , 0 
 0 , 0 , 0 , 0 , 0 , 0 , 0 , 0 
 0 , 0 , 0 , 0 , 0 , 0 , 0 , 0 
 0 , 0 , 0 , 0 , 0 , 0 , 0 , 0 
 0 , 0 , 0 , 0 , 0 , 0 , 0 , 0 
 0 , 0 , 0 , 0 , 0 , 0 , 0 , 0 
 0 , 0 , 0 , 0 , 0 , 0 , 0 , 0 
 0 , 0 , 0 , 0 , 0 , 0 , 0 , 0 
 0 , 0 , 0 , 0 , 0 , 0 , 0 , 0 
 0 , 0 , 0 , 0 , 0 , 0 , 0 , 0 
 0 , 0 , 0 , 0 , 0 , 0 , 0 , 0 
 0 , 0 , 0 , 0 , 0 , 0 , 0 , 0 
 0 , 0 , 0 , 0 , 0 , 0 , 0 , 0 
 0 , 0 , 0 , 0 , 0 , 0 , 0 , 0 
 0 , 0 , 0 , 0 , 0 , 0 , 0 , 0 
 0 , 0 , 0 , 0 , 0 , 0 , 0 , 0 
 0 , 0 , 0 , 0 , 0 , 0 , 0 , 0 
 0 , 0 , 0 , 0 , 0 , 0 , 0 , 0 
 0 , 0 , 0 , 0 , 0 , 0 , 0 , 0 
 0 , 0 , 0 , 0 , 0 , 0 , 0 , 0 
 0 , 0 , 0 , 0 , 0 , 0 , 0 , 0 
 0 , 0 , 0 , 0 , 0 , 0 , 0 , 0 
 0 , 0 , 0 , 0 , 0 , 0 , 0 , 0 
 0 , 0 , 0 , 0 , 0 , 0 , 0 , 0 
 0 , 0 , 0 , 0 , 0 , 0 , 0 , 0 
 0 , 0 , 0 , 0 , 0 , 0 , 0 , 0 
 0 , 0 , 0 , 0 , 0 , 0 , 0 , 0 
 0 , 0 , 0 , 0 , 0 , 0 , 0 , 0 
 0 , 0 , 0 , 0 , 0 , 0 , 0 , 0 
 0 , 0 , 0 , 0 , 0 , 0 , 0 , 0 
 0 , 0 , 0 , 0 , 0 , 0 , 0 , 0 
 0 , 0 , 0 , 0 , 0 , 0 , 0 , 0 
 0 , 0 , 0 , 0 , 0 , 0 , 0 , 0 
 0 , 0 , 0 , 0 , 0 , 0 , 0 , 0 
 0 , 0 , 0 , 0 , 0 , 0 , 0 , 0 
 0 , 0 , 0 , 0 , 0 , 0 , 0 , 0 
 0 , 0 , 0 , 0 , 0 , 0 , 0 , 0 
 0 , 0 , 0 , 0 , 0 , 0 , 0 , 0 
 0 , 0 , 0 , 0 , 0 , 0 , 0 , 0 
 0 , 0 , 0 , 0 , 0 , 0 , 0 , 0 
 0 , 0 , 0 , 0 , 0 , 0 , 0 , 0 
 0 , 0 , 0 , 0 , 0 , 0 , 0 , 0 
 0 , 0 , 0 , 0 , 0 , 0 , 0 , 0 
 0 , 0 , 0 , 0 , 0 , 0 , 0 , 0 
 0 , 0 , 0 , 0 , 0 , 0 , 0 , 0 
 0 , 0 , 0 , 0 , 0 , 0 , 0 , 0 
 0 , 0 , 0 , 0 , 0 , 0 , 0 , 0 
 0 , 0 , 0 , 0 , 0 , 0 , 0 , 0 
 0 , 0 , 0 , 0 , 0 , 0 , 0 , 0 
 0 , 0 , 0 , 0 , 0 , 0 , 0 , 0 
 0 , 0 , 0 , 0 , 0 , 0 , 0 , 0 
 0 , 0 , 0 , 0 , 0 , 0 , 0 , 0 
 0 , 0 , 0 , 0 , 0 , 0 , 0 , 0 
 0 , 0 , 0 , 0 , 0 , 0 , 0 , 0 
 0 , 0 , 0 , 0 , 0 , 0 , 0 , 0 
 0 , 0 , 0 , 0 , 0 , 0 , 0 , 0 
 0 , 0 , 0 , 0 , 0 , 0 , 0 , 0 
 0 , 0 , 0 , 0 , 0 , 0 , 0 , 0 
 0 , 0 , 0 , 0 , 0 , 0 , 0 , 0 
 0 , 0 , 0 , 0 , 0 , 0 , 0 , 0 
 0 , 0 , 0 , 0 , 0 , 0 , 0 , 0 
 0 , 0 , 0 , 0 , 0 , 0 , 0 , 0 
 0 , 0 , 0 , 0 , 0 , 0 , 0 , 0 
 0 , 0 , 0 , 0 , 0 , 0 , 0 , 0 
 0 , 0 , 0 , 0 , 0 , 0 , 0 , 0 
 0 , 0 , 0 , 0 , 0 , 0 , 0 , 0 
 0 , 0 , 0 , 0 , 0 , 0 , 0 , 0 
 0 , 0 , 0 , 0 , 0 , 0 , 0 , 0 
 0 , 0 , 0 , 0 , 0 , 0 , 0 , 0 
 0 , 0 , 0 , 0 , 0 , 0 , 0 , 0 
 0 , 0 , 0 , 0 , 0 , 0 , 0 , 0 
 0 , 0 , 0 , 0 , 0 , 0 , 0 , 0 
 0 , 0 , 0 , 0 , 0 , 0 , 0 , 0 
 0 , 0 , 0 , 0 , 0 , 0 , 0 , 0 
 0 , 0 , 0 , 0 , 0 , 0 , 0 , 0 
 0 , 0 , 0 , 0 , 0 , 0 , 0 , 0 
 0 , 0 , 0 , 0 , 0 , 0 , 0 , 0 
 0 , 0 , 0 , 0 , 0 , 0 , 0 , 0 
 0 , 0 , 0 , 0 , 0 , 0 , 0 , 0 
 0 , 0 , 0 , 0 , 0 , 0 , 0 , 0 
 0 , 0 , 0 , 0 , 0 , 0 , 0 , 0 
 0 , 0 , 0 , 0 , 0 , 0 , 0 , 0 
 0 , 0 , 0 , 0 , 0 , 0 , 0 , 0 
 0 , 0 , 0 , 0 , 0 , 0 , 0 , 0 
 0 , 0 , 0 , 0 , 0 , 0 , 0 , 0 
 0 , 0 , 0 , 0 , 0 , 0 , 0 , 0 
 0 , 0 , 0 , 0 , 0 , 0 , 0 , 0 
 0 , 0 , 0 , 0 , 0 , 0 , 0 , 0 
 0 , 0 , 0 , 0 , 0 , 0 , 0 , 0 
 0 , 0 , 0 , 0 , 0 , 0 , 0 , 0 
 0 , 0 , 0 , 0 , 0 , 0 , 0 , 0 
 0 , 0 , 0 , 0 , 0 , 0 , 0 , 0 
 0 , 0 , 0 , 0 , 0 , 0 , 0 , 0 
 0 , 0 , 0 , 0 , 0 , 0 , 0 , 0 
 0 , 0 , 0 , 0 , 0 , 0 , 0 , 0 
 0 , 0 , 0 , 0 , 0 , 0 , 0 , 0 
 0 , 0 , 0 , 0 , 0 , 0 , 0 , 0 
 0 , 0 , 0 , 0 , 0 , 0 , 0 , 0 
 0 , 0 , 0 , 0 , 0 , 0 , 0 , 0 
 0 , 0 , 0 , 0 , 0 , 0 , 0 , 0 
 0 , 0 , 0 , 0 , 0 , 0 , 0 , 0 
 0 , 0 , 0 , 0 , 0 , 0 , 0 , 0 
 0 , 0 , 0 , 0 , 0 , 0 , 0 , 0 
 0 , 0 , 0 , 0 , 0 , 0 , 0 , 0 
 0 , 0 , 0 , 0 , 0 , 0 , 0 , 0 
 0 , 0 , 0 , 0 , 0 , 0 , 0 , 0 
 0 , 0 , 0 , 0 , 0 , 0 , 0 , 0 
 0 , 0 , 0 , 0 , 0 , 0 , 0 , 0 
 0 , 0 , 0 , 0 , 0 , 0 , 0 , 0 
 0 , 0 , 0 , 0 , 0 , 0 , 0 , 0 
 0 , 0 , 0 , 0 , 0 , 0 , 0 , 0 
 0 , 0 , 0 , 0 , 0 , 0 , 0 , 0 
 0 , 0 , 0 , 0 , 0 , 0 , 0 , 0 
 0 , 0 , 0 , 0 , 0 , 0 , 0 , 0 
 0 , 0 , 0 , 0 , 0 , 0 , 0 , 0 
 0 , 0 , 0 , 0 , 0 , 0 , 0 , 0 
 0 , 0 , 0 , 0 , 0 , 0 , 0 , 0 
 0 , 0 , 0 , 0 , 0 , 0 , 0 , 0 
 0 , 0 , 0 , 0 , 0 , 0 , 0 , 0 
 0 , 0 , 0 , 0 , 0 , 0 , 0 , 0 
 0 , 0 , 0 , 0 , 0 , 0 , 0 , 0 
 0 , 0 , 0 , 0 , 0 , 0 , 0 , 0 
 0 , 0 , 0 , 0 , 0 , 0 , 0 , 0 
 0 , 0 , 0 , 0 , 0 , 0 , 0 , 0 
 0 , 0 , 0 , 0 , 0 , 0 , 0 , 0 
 0 , 0 , 0 , 0 , 0 , 0 , 0 , 0 
 0 , 0 , 0 , 0 , 0 , 0 , 0 , 0 
 0 , 0 , 0 , 0 , 0 , 0 , 0 , 0 
 0 , 0 , 0 , 0 , 0 , 0 , 0 , 0 
 0 , 0 , 0 , 0 , 0 , 0 , 0 , 0 
 0 , 0 , 0 , 0 , 0 , 0 , 0 , 0 
 0 , 0 , 0 , 0 , 0 , 0 , 0 , 0 
 0 , 0 , 0 , 0 , 0 , 0 , 0 , 0 
 0 , 0 , 0 , 0 , 0 , 0 , 0 , 0 
 0 , 0 , 0 , 0 , 0 , 0 , 0 , 0 
 0 , 0 , 0 , 0 , 0 , 0 , 0 , 0 
 0 , 0 , 0 , 0 , 0 , 0 , 0 , 0 
 0 , 0 , 0 , 0 , 0 , 0 , 0 , 0 
 0 , 0 , 0 , 0 , 0 , 0 , 0 , 0 
 0 , 0 , 0 , 0 , 0 , 0 , 0 , 0 
 0 , 0 , 0 , 0 , 0 , 0 , 0 , 0 
 0 , 0 , 0 , 0 , 0 , 0 , 0 , 0 
 0 , 0 , 0 , 0 , 0 , 0 , 0 , 0 
 0 , 0 , 0 , 0 , 0 , 0 , 0 , 0 
 0 , 0 , 0 , 0 , 0 , 0 , 0 , 0 
 0 , 0 , 0 , 0 , 0 , 0 , 0 , 0 
 0 , 0 , 0 , 0 , 0 , 0 , 0 , 0 
 0 , 0 , 0 , 0 , 0 , 0 , 0 , 0 
 0 , 0 , 0 , 0 , 0 , 0 , 0 , 0 
 0 , 0 , 0 , 0 , 0 , 0 , 0 , 0 
 0 , 0 , 0 , 0 , 0 , 0 , 0 , 0 
 0 , 0 , 0 , 0 , 0 , 0 , 0 , 0 
 0 , 0 , 0 , 0 , 0 , 0 , 0 , 0 
 0 , 0 , 0 , 0 , 0 , 0 , 0 , 0 
 0 , 0 , 0 , 0 , 0 , 0 , 0 , 0 
 0 , 0 , 0 , 0 , 0 , 0 , 0 , 0 
 0 , 0 , 0 , 0 , 0 , 0 , 0 , 0 
 0 , 0 , 0 , 0 , 0 , 0 , 0 , 0 
 0 , 0 , 0 , 0 , 0 , 0 , 0 , 0 
 0 , 0 , 0 , 0 , 0 , 0 , 0 , 0 
 0 , 0 , 0 , 0 , 0 , 0 , 0 , 0 
 0 , 0 , 0 , 0 , 0 , 0 , 0 , 0 
 0 , 0 , 0 , 0 , 0 , 0 , 0 , 0 
 0 , 0 , 0 , 0 , 0 , 0 , 0 , 0 
 0 , 0 , 0 , 0 , 0 , 0 , 0 , 0 
 0 , 0 , 0 , 0 , 0 , 0 , 0 , 0 
 0 , 0 , 0 , 0 , 0 , 0 , 0 , 0 
 0 , 0 , 0 , 0 , 0 , 0 , 0 , 0 
 0 , 0 , 0 , 0 , 0 , 0 , 0 , 0 
 0 , 0 , 0 , 0 , 0 , 0 , 0 , 0 
 0 , 0 , 0 , 0 , 0 , 0 , 0 , 0 
 0 , 0 , 0 , 0 , 0 , 0 , 0 , 0 
 0 , 0 , 0 , 0 , 0 , 0 , 0 , 0 
 0 , 0 , 0 , 0 , 0 , 0 , 0 , 0 
 0 , 0 , 0 , 0 , 0 , 0 , 0 , 0 
 0 , 0 , 0 , 0 , 0 , 0 , 0 , 0 
 0 , 0 , 0 , 0 , 0 , 0 , 0 , 0 
 0 , 0 , 0 , 0 , 0 , 0 , 0 , 0 
 0 , 0 , 0 , 0 , 0 , 0 , 0 , 0 
 0 , 0 , 0 , 0 , 0 , 0 , 0 , 0 
 0 , 0 , 0 , 0 , 0 , 0 , 0 , 0 
 0 , 0 , 0 , 0 , 0 , 0 , 0 , 0 
 0 , 0 , 0 , 0 , 0 , 0 , 0 , 0 
 0 , 0 , 0 , 0 , 0 , 0 , 0 , 0 
 0 , 0 , 0 , 0 , 0 , 0 , 0 , 0 
 0 , 0 , 0 , 0 , 0 , 0 , 0 , 0 
 0 , 0 , 0 , 0 , 0 , 0 , 0 , 0 
 0 , 0 , 0 , 0 , 0 , 0 , 0 , 0 
 0 , 0 , 0 , 0 , 0 , 0 , 0 , 0 
 0 , 0 , 0 , 0 , 0 , 0 , 0 , 0 
 0 , 0 , 0 , 0 , 0 , 0 , 0 , 0 
 0 , 0 , 0 , 0 , 0 , 0 , 0 , 0 
 0 , 0 , 0 , 0 , 0 , 0 , 0 , 0 
 0 , 0 , 0 , 0 , 0 , 0 , 0 , 0 
 0 , 0 , 0 , 0 , 0 , 0 , 0 , 0 
 0 , 0 , 0 , 0 , 0 , 0 , 0 , 0 
 0 , 0 , 0 , 0 , 0 , 0 , 0 , 0 
 0 , 0 , 0 , 0 , 0 , 0 , 0 , 0 
 0 , 0 , 0 , 0 , 0 , 0 , 0 , 0 
 0 , 0 , 0 , 0 , 0 , 0 , 0 , 0 
 0 , 0 , 0 , 0 , 0 , 0 , 0 , 0 
 0 , 0 , 0 , 0 , 0 , 0 , 0 , 0 
 0 , 0 , 0 , 0 , 0 , 0 , 0 , 0 
 0 , 0 , 0 , 0 , 0 , 0 , 0 , 0 
 0 , 0 , 0 , 0 , 0 , 0 , 0 , 0 
 0 , 0 , 0 , 0 , 0 , 0 , 0 , 0 
 0 , 0 , 0 , 0 , 0 , 0 , 0 , 0 
 0 , 0 , 0 , 0 , 0 , 0 , 0 , 0 
 0 , 0 , 0 , 0 , 0 , 0 , 0 , 0 
 0 , 0 , 0 , 0 , 0 , 0 , 0 , 0 
 0 , 0 , 0 , 0 , 0 , 0 , 0 , 0 
 0 , 0 , 0 , 0 , 0 , 0 , 0 , 0 
 0 , 0 , 0 , 0 , 0 , 0 , 0 , 0 
 0 , 0 , 0 , 0 , 0 , 0 , 0 , 0 
 0 , 0 , 0 , 0 , 0 , 0 , 0 , 0 
 0 , 0 , 0 , 0 , 0 , 0 , 0 , 0 
 0 , 0 , 0 , 0 , 0 , 0 , 0 , 0 
 0 , 0 , 0 , 0 , 0 , 0 , 0 , 0 
 0 , 0 , 0 , 0 , 0 , 0 , 0 , 0 
 0 , 0 , 0 , 0 , 0 , 0 , 0 , 0 
 0 , 0 , 0 , 0 , 0 , 0 , 0 , 0 
 0 , 0 , 0 , 0 , 0 , 0 , 0 , 0 
 0 , 0 , 0 , 0 , 0 , 0 , 0 , 0 
 0 , 0 , 0 , 0 , 0 , 0 , 0 , 0 
 0 , 0 , 0 , 0 , 0 , 0 , 0 , 0 
 0 , 0 , 0 , 0 , 0 , 0 , 0 , 0 
 0 , 0 , 0 , 0 , 0 , 0 , 0 , 0 
 0 , 0 , 0 , 0 , 0 , 0 , 0 , 0 
 0 , 0 , 0 , 0 , 0 , 0 , 0 , 0 
 0 , 0 , 0 , 0 , 0 , 0 , 0 , 0 
 0 , 0 , 0 , 0 , 0 , 0 , 0 , 0 
 0 , 0 , 0 , 0 , 0 , 0 , 0 , 0 
 0 , 0 , 0 , 0 , 0 , 0 , 0 , 0 
 0 , 0 , 0 , 0 , 0 , 0 , 0 , 0 
 0 , 0 , 0 , 0 , 0 , 0 , 0 , 0 
 0 , 0 , 0 , 0 , 0 , 0 , 0 , 0 
 0 , 0 , 0 , 0 , 0 , 0 , 0 , 0 
 0 , 0 , 0 , 0 , 0 , 0 , 0 , 0 
 0 , 0 , 0 , 0 , 0 , 0 , 0 , 0 
 0 , 0 , 0 , 0 , 0 , 0 , 0 , 0 
 0 , 0 , 0 , 0 , 0 , 0 , 0 , 0 
 0 , 0 , 0 , 0 , 0 , 0 , 0 , 0 
 0 , 0 , 0 , 0 , 0 , 0 , 0 , 0 
 0 , 0 , 0 , 0 , 0 , 0 , 0 , 0 
 0 , 0 , 0 , 0 , 0 , 0 , 0 , 0 
 0 , 0 , 0 , 0 , 0 , 0 , 0 , 0 
 0 , 0 , 0 , 0 , 0 , 0 , 0 , 0 
 0 , 0 , 0 , 0 , 0 , 0 , 0 , 0 
 0 , 0 , 0 , 0 , 0 , 0 , 0 , 0 
 0 , 0 , 0 , 0 , 0 , 0 , 0 , 0 
 0 , 0 , 0 , 0 , 0 , 0 , 0 , 0 
 0 , 0 , 0 , 0 , 0 , 0 , 0 , 0 
 0 , 0 , 0 , 0 , 0 , 0 , 0 , 0 
 0 , 0 , 0 , 0 , 0 , 0 , 0 , 0 
 0 , 0 , 0 , 0 , 0 , 0 , 0 , 0 
 0 , 0 , 0 , 0 , 0 , 0 , 0 , 0 
 0 , 0 , 0 , 0 , 0 , 0 , 0 , 0 
 0 , 0 , 0 , 0 , 0 , 0 , 0 , 0 
 0 , 0 , 0 , 0 , 0 , 0 , 0 , 0 
 0 , 0 , 0 , 0 , 0 , 0 , 0 , 0 
 0 , 0 , 0 , 0 , 0 , 0 , 0 , 0 
 0 , 0 , 0 , 0 , 0 , 0 , 0 , 0 
 0 , 0 , 0 , 0 , 0 , 0 , 0 , 0 
 0 , 0 , 0 , 0 , 0 , 0 , 0 , 0 
 0 , 0 , 0 , 0 , 0 , 0 , 0 , 0 
 0 , 0 , 0 , 0 , 0 , 0 , 0 , 0 
 0 , 0 , 0 , 0 , 0 , 0 , 0 , 0 
 0 , 0 , 0 , 0 , 0 , 0 , 0 , 0 
 0 , 0 , 0 , 0 , 0 , 0 , 0 , 0 
 0 , 0 , 0 , 0 , 0 , 0 , 0 , 0 
 0 , 0 , 0 , 0 , 0 , 0 , 0 , 0 
 0 , 0 , 0 , 0 , 0 , 0 , 0 , 0 
 0 , 0 , 0 , 0 , 0 , 0 , 0 , 0 
 0 , 0 , 0 , 0 , 0 , 0 , 0 , 0 
 0 , 0 , 0 , 0 , 0 , 0 , 0 , 0 
 0 , 0 , 0 , 0 , 0 , 0 , 0 , 0 
 0 , 0 , 0 , 0 , 0 , 0 , 0 , 0 
 0 , 0 , 0 , 0 , 0 , 0 , 0 , 0 
 0 , 0 , 0 , 0 , 0 , 0 , 0 , 0 
 0 , 0 , 0 , 0 , 0 , 0 , 0 , 0 
 0 , 0 , 0 , 0 , 0 , 0 , 0 , 0 
 0 , 0 , 0 , 0 , 0 , 0 , 0 , 0 
 0 , 0 , 0 , 0 , 0 , 0 , 0 , 0 
 0 , 0 , 0 , 0 , 0 , 0 , 0 , 0 
 0 , 0 , 0 , 0 , 0 , 0 , 0 , 0 
 0 , 0 , 0 , 0 , 0 , 0 , 0 , 0 
 0 , 0 , 0 , 0 , 0 , 0 , 0 , 0 
 0 , 0 , 0 , 0 , 0 , 0 , 0 , 0 
 0 , 0 , 0 , 0 , 0 , 0 , 0 , 0 
 0 , 0 , 0 , 0 , 0 , 0 , 0 , 0 
 0 , 0 , 0 , 0 , 0 , 0 , 0 , 0 
 0 , 0 , 0 , 0 , 0 , 0 , 0 , 0 
 0 , 0 , 0 , 0 , 0 , 0 , 0 , 0 
 0 , 0 , 0 , 0 , 0 , 0 , 0 , 0 
 0 , 0 , 0 , 0 , 0 , 0 , 0 , 0 
 0 , 0 , 0 , 0 , 0 , 0 , 0 , 0 
 0 , 0 , 0 , 0 , 0 , 0 , 0 , 0 
 0 , 0 , 0 , 0 , 0 , 0 , 0 , 0 
 0 , 0 , 0 , 0 , 0 , 0 , 0 , 0 
 0 , 0 , 0 , 0 , 0 , 0 , 0 , 0 
 0 , 0 , 0 , 0 , 0 , 0 , 0 , 0 
 0 , 0 , 0 , 0 , 0 , 0 , 0 , 0 
 0 , 0 , 0 , 0 , 0 , 0 , 0 , 0 
 0 , 0 , 0 , 0 , 0 , 0 , 0 , 0 
 0 , 0 , 0 , 0 , 0 , 0 , 0 , 0 
 0 , 0 , 0 , 0 , 0 , 0 , 0 , 0 
 0 , 0 , 0 , 0 , 0 , 0 , 0 , 0 
 0 , 0 , 0 , 0 , 0 , 0 , 0 , 0 
 0 , 0 , 0 , 0 , 0 , 0 , 0 , 0 
 0 , 0 , 0 , 0 , 0 , 0 , 0 , 0 
 0 , 0 , 0 , 0 , 0 , 0 , 0 , 0 
 0 , 0 , 0 , 0 , 0 , 0 , 0 , 0 
 0 , 0 , 0 , 0 , 0 , 0 , 0 , 0 
 0 , 0 , 0 , 0 , 0 , 0 , 0 , 0 
 0 , 0 , 0 , 0 , 0 , 0 , 0 , 0 
 0 , 0 , 0 , 0 , 0 , 0 , 0 , 0 
 0 , 0 , 0 , 0 , 0 , 0 , 0 , 0 
 0 , 0 , 0 , 0 , 0 , 0 , 0 , 0 
 0 , 0 , 0 , 0 , 0 , 0 , 0 , 0 
 0 , 0 , 0 , 0 , 0 , 0 , 0 , 0 
 0 , 0 , 0 , 0 , 0 , 0 , 0 , 0 
 0 , 0 , 0 , 0 , 0 , 0 , 0 , 0 
 0 , 0 , 0 , 0 , 0 , 0 , 0 , 0 
 0 , 0 , 0 , 0 , 0 , 0 , 0 , 0 
 0 , 0 , 0 , 0 , 0 , 0 , 0 , 0 
 0 , 0 , 0 , 0 , 0 , 0 , 0 , 0 
 0 , 0 , 0 , 0 , 0 , 0 , 0 , 0 
 0 , 0 , 0 , 0 , 0 , 0 , 0 , 0 
 0 , 0 , 0 , 0 , 0 , 0 , 0 , 0 
 0 , 0 , 0 , 0 , 0 , 0 , 0 , 0 
 0 , 0 , 0 , 0 , 0 , 0 , 0 , 0 
 0 , 0 , 0 , 0 , 0 , 0 , 0 , 0 
 0 , 0 , 0 , 0 , 0 , 0 , 0 , 0 
 0 , 0 , 0 , 0 , 0 , 0 , 0 , 0 
 0 , 0 , 0 , 0 , 0 , 0 , 0 , 0 
 0 , 0 , 0 , 0 , 0 , 0 , 0 , 0 
 0 , 0 , 0 , 0 , 0 , 0 , 0 , 0 
 0 , 0 , 0 , 0 , 0 , 0 , 0 , 0 
 0 , 0 , 0 , 0 , 0 , 0 , 0 , 0 
 0 , 0 , 0 , 0 , 0 , 0 , 0 , 0 
 0 , 0 , 0 , 0 , 0 , 0 , 0 , 0 
 0 , 0 , 0 , 0 , 0 , 0 , 0 , 0 
 0 , 0 , 0 , 0 , 0 , 0 , 0 , 0 
 0 , 0 , 0 , 0 , 0 , 0 , 0 , 0 
 0 , 0 , 0 , 0 , 0 , 0 , 0 , 0 
 0 , 0 , 0 , 0 , 0 , 0 , 0 , 0 
 0 , 0 , 0 , 0 , 0 , 0 , 0 , 0 
 0 , 0 , 0 , 0 , 0 , 0 , 0 , 0 
 0 , 0 , 0 , 0 , 0 , 0 , 0 , 0 
 0 , 0 , 0 , 0 , 0 , 0 , 0 , 0 
 0 , 0 , 0 , 0 , 0 , 0 , 0 , 0 
 0 , 0 , 0 , 0 , 0 , 0 , 0 , 0 
 0 , 0 , 0 , 0 , 0 , 0 , 0 , 0 
 0 , 0 , 0 , 0 , 0 , 0 , 0 , 0 
 0 , 0 , 0 , 0 , 0 , 0 , 0 , 0 
 0 , 0 , 0 , 0 , 0 , 0 , 0 , 0 
 0 , 0 , 0 , 0 , 0 , 0 , 0 , 0 
 0 , 0 , 0 , 0 , 0 , 0 , 0 , 0 
 0 , 0 , 0 , 0 , 0 , 0 , 0 , 0 
 0 , 0 , 0 , 0 , 0 , 0 , 0 , 0 
 0 , 0 , 0 , 0 , 0 , 0 , 0 , 0 
 0 , 0 , 0 , 0 , 0 , 0 , 0 , 0 
 0 , 0 , 0 , 0 , 0 , 0 , 0 , 0 
 0 , 0 , 0 , 0 , 0 , 0 , 0 , 0 
 0 , 0 , 0 , 0 , 0 , 0 , 0 , 0 
 0 , 0 , 0 , 0 , 0 , 0 , 0 , 0 
 0 , 0 , 0 , 0 , 0 , 0 , 0 , 0 
 0 , 0 , 0 , 0 , 0 , 0 , 0 , 0 
 0 , 0 , 0 , 0 , 0 , 0 , 0 , 0 
 0 , 0 , 0 , 0 , 0 , 0 , 0 , 0 
 0 , 0 , 0 , 0 , 0 , 0 , 0 , 0 
 0 , 0 , 0 , 0 , 0 , 0 , 0 , 0 
 0 , 0 , 0 , 0 , 0 , 0 , 0 , 0 
 0 , 0 , 0 , 0 , 0 , 0 , 0 , 0 
 0 , 0 , 0 , 0 , 0 , 0 , 0 , 0 
 0 , 0 , 0 , 0 , 0 , 0 , 0 , 0 
 0 , 0 , 0 , 0 , 0 , 0 , 0 , 0 
 0 , 0 , 0 , 0 , 0 , 0 , 0 , 0 
 0 , 0 , 0 , 0 , 0 , 0 , 0 , 0 
 0 , 0 , 0 , 0 , 0 , 0 , 0 , 0 
 0 , 0 , 0 , 0 , 0 , 0 , 0 , 0 
 0 , 0 , 0 , 0 , 0 , 0 , 0 , 0 
 0 , 0 , 0 , 0 , 0 , 0 , 0 , 0 
 0 , 0 , 0 , 0 , 0 , 0 , 0 , 0 
 0 , 0 , 0 , 0 , 0 , 0 , 0 , 0 
 0 , 0 , 0 , 0 , 0 , 0 , 0 , 0 
 0 , 0 , 0 , 0 , 0 , 0 , 0 , 0 
 0 , 0 , 0 , 0 , 0 , 0 , 0 , 0 
 0 , 0 , 0 , 0 , 0 , 0 , 0 , 0 
 0 , 0 , 0 , 0 , 0 , 0 , 0 , 0 
 0 , 0 , 0 , 0 , 0 , 0 , 0 , 0 
 0 , 0 , 0 , 0 , 0 , 0 , 0 , 0 
 0 , 0 , 0 , 0 , 0 , 0 , 0 , 0 
 0 , 0 , 0 , 0 , 0 , 0 , 0 , 0 
 0 , 0 , 0 , 0 , 0 , 0 , 0 , 0 
 0 , 0 , 0 , 0 , 0 , 0 , 0 , 0 
 0 , 0 , 0 , 0 , 0 , 0 , 0 , 0 
 0 , 0 , 0 , 0 , 0 , 0 , 0 , 0 
 0 , 0 , 0 , 0 , 0 , 0 , 0 , 0 
 0 , 0 , 0 , 0 , 0 , 0 , 0 , 0 
 0 , 0 , 0 , 0 , 0 , 0 , 0 , 0 
 0 , 0 , 0 , 0 , 0 , 0 , 0 , 0 
 0 , 0 , 0 , 0 , 0 , 0 , 0 , 0 
 0 , 0 , 0 , 0 , 0 , 0 , 0 , 0 
 0 , 0 , 0 , 0 , 0 , 0 , 0 , 0 
 0 , 0 , 0 , 0 , 0 , 0 , 0 , 0 
 0 , 0 , 0 , 0 , 0 , 0 , 0 , 0 
 0 , 0 , 0 , 0 , 0 , 0 , 0 , 0 
 0 , 0 , 0 , 0 , 0 , 0 , 0 , 0 
 0 , 0 , 0 , 0 , 0 , 0 , 0 , 0 
 0 , 0 , 0 , 0 , 0 , 0 , 0 , 0 
 0 , 0 , 0 , 0 , 0 , 0 , 0 , 0 
 0 , 0 , 0 , 0 , 0 , 0 , 0 , 0 
 0 , 0 , 0 , 0 , 0 , 0 , 0 , 0 
 0 , 0 , 0 , 0 , 0 , 0 , 0 , 0 
 0 , 0 , 0 , 0 , 0 , 0 , 0 , 0 
 0 , 0 , 0 , 0 , 0 , 0 , 0 , 0 
 0 , 0 , 0 , 0 , 0 , 0 , 0 , 0 
 0 , 0 , 0 , 0 , 0 , 0 , 0 , 0 
 0 , 0 , 0 , 0 , 0 , 0 , 0 , 0 
 0 , 0 , 0 , 0 , 0 , 0 , 0 , 0 
 0 , 0 , 0 , 0 , 0 , 0 , 0 , 0 
 0 , 0 , 0 , 0 , 0 , 0 , 0 , 0 
 0 , 0 , 0 , 0 , 0 , 0 , 0 , 0 
 0 , 0 , 0 , 0 , 0 , 0 , 0 , 0 
 0 , 0 , 0 , 0 , 0 , 0 , 0 , 0 
 0 , 0 , 0 , 0 , 0 , 0 , 0 , 0 
 0 , 0 , 0 , 0 , 0 , 0 , 0 , 0 
 0 , 0 , 0 , 0 , 0 , 0 , 0 , 0 
 0 , 0 , 0 , 0 , 0 , 0 , 0 , 0 
 0 , 0 , 0 , 0 , 0 , 0 , 0 , 0 
 0 , 0 , 0 , 0 , 0 , 0 , 0 , 0 
 0 , 0 , 0 , 0 , 0 , 0 , 0 , 0 
 0 , 0 , 0 , 0 , 0 , 0 , 0 , 0 
 0 , 0 , 0 , 0 , 0 , 0 , 0 , 0 
 0 , 0 , 0 , 0 , 0 , 0 , 0 , 0 
 0 , 0 , 0 , 0 , 0 , 0 , 0 , 0 
 0 , 0 , 0 , 0 , 0 , 0 , 0 , 0 
 0 , 0 , 0 , 0 , 0 , 0 , 0 , 0 
 0 , 0 , 0 , 0 , 0 , 0 , 0 , 0 
 0 , 0 , 0 , 0 , 0 , 0 , 0 , 0 
 0 , 0 , 0 , 0 , 0 , 0 , 0 , 0 
 0 , 0 , 0 , 0 , 0 , 0 , 0 , 0 
 0 , 0 , 0 , 0 , 0 , 0 , 0 , 0 
 0 , 0 , 0 , 0 , 0 , 0 , 0 , 0 
 0 , 0 , 0 , 0 , 0 , 0 , 0 , 0 
 0 , 0 , 0 , 0 , 0 , 0 , 0 , 0 
 0 , 0 , 0 , 0 , 0 , 0 , 0 , 0 
 0 , 0 , 0 , 0 , 0 , 0 , 0 , 0 
 0 , 0 , 0 , 0 , 0 , 0 , 0 , 0 
 0 , 0 , 0 , 0 , 0 , 0 , 0 , 0 
 0 , 0 , 0 , 0 , 0 , 0 , 0 , 0 
 0 , 0 , 0 , 0 , 0 , 0 , 0 , 0 
 0 , 0 , 0 , 0 , 0 , 0 , 0 , 0 
 0 , 0 , 0 , 0 , 0 , 0 , 0 , 0 
 0 , 0 , 0 , 0 , 0 , 0 , 0 , 0 
 0 , 0 , 0 , 0 , 0 , 0 , 0 , 0 
 0 , 0 , 0 , 0 , 0 , 0 , 0 , 0 
 0 , 0 , 0 , 0 , 0 , 0 , 0 , 0 
 0 , 0 , 0 , 0 , 0 , 0 , 0 , 0 
 0 , 0 , 0 , 0 , 0 , 0 , 0 , 0 
 0 , 0 , 0 , 0 , 0 , 0 , 0 , 0 
 0 , 0 , 0 , 0 , 0 , 0 , 0 , 0 
 0 , 0 , 0 , 0 , 0 , 0 , 0 , 0 
 0 , 0 , 0 , 0 , 0 , 0 , 0 , 0 
 0 , 0 , 0 , 0 , 0 , 0 , 0 , 0 
 0 , 0 , 0 , 0 , 0 , 0 , 0 , 0 
 0 , 0 , 0 , 0 , 0 , 0 , 0 , 0 
 0 , 0 , 0 , 0 , 0 , 0 , 0 , 0 
 0 , 0 , 0 , 0 , 0 , 0 , 0 , 0 
 0 , 0 , 0 , 0 , 0 , 0 , 0 , 0 
 0 , 0 , 0 , 0 , 0 , 0 , 0 , 0 
 0 , 0 , 0 , 0 , 0 , 0 , 0 , 0 
 0 , 0 , 0 , 0 , 0 , 0 , 0 , 0 
 0 , 0 , 0 , 0 , 0 , 0 , 0 , 0 
 0 , 0 , 0 , 0 , 0 , 0 , 0 , 0 
 0 , 0 , 0 , 0 , 0 , 0 , 0 , 0 
 0 , 0 , 0 , 0 , 0 , 0 , 0 , 0 
 0 , 0 , 0 , 0 , 0 , 0 , 0 , 0 
 0 , 0 , 0 , 0 , 0 , 0 , 0 , 0 
 0 , 0 , 0 , 0 , 0 , 0 , 0 , 0 
 0 , 0 , 0 , 0 , 0 , 0 , 0 , 0 
 0 , 0 , 0 , 0 , 0 , 0 , 0 , 0 
 0 , 0 , 0 , 0 , 0 , 0 , 0 , 0 
 0 , 0 , 0 , 0 , 0 , 0 , 0 , 0 
 0 , 0 , 0 , 0 , 0 , 0 , 0 , 0 
 0 , 0 , 0 , 0 , 0 , 0 , 0 , 0 
 0 , 0 , 0 , 0 , 0 , 0 , 0 , 0 
 0 , 0 , 0 , 0 , 0 , 0 , 0 , 0 
 0 , 0 , 0 , 0 , 0 , 0 , 0 , 0 
 0 , 0 , 0 , 0 , 0 , 0 , 0 , 0 
 0 , 0 , 0 , 0 , 0 , 0 , 0 , 0 
 0 , 0 , 0 , 0 , 0 , 0 , 0 , 0 
 0 , 0 , 0 , 0 , 0 , 0 , 0 , 0 
 0 , 0 , 0 , 0 , 0 , 0 , 0 , 0 
 0 , 0 , 0 , 0 , 0 , 0 , 0 , 0 
 0 , 0 , 0 , 0 , 0 , 0 , 0 , 0 
 0 , 0 , 0 , 0 , 0 , 0 , 0 , 0 
 0 , 0 , 0 , 0 , 0 , 0 , 0 , 0 
 0 , 0 , 0 , 0 , 0 , 0 , 0 , 0 
 0 , 0 , 0 , 0 , 0 , 0 , 0 , 0 
 0 , 0 , 0 , 0 , 0 , 0 , 0 , 0 
 0 , 0 , 0 , 0 , 0 , 0 , 0 , 0 
 0 , 0 , 0 , 0 , 0 , 0 , 0 , 0 
 0 , 0 , 0 , 0 , 0 , 0 , 0 , 0 
 0 , 0 , 0 , 0 , 0 , 0 , 0 , 0 
 0 , 0 , 0 , 0 , 0 , 0 , 0 , 0 
 0 , 0 , 0 , 0 , 0 , 0 , 0 , 0 
 0 , 0 , 0 , 0 , 0 , 0 , 0 , 0 
 0 , 0 , 0 , 0 , 0 , 0 , 0 , 0 
 0 , 0 , 0 , 0 , 0 , 0 , 0 , 0 
 0 , 0 , 0 , 0 , 0 , 0 , 0 , 0 
 0 , 0 , 0 , 0 , 0 , 0 , 0 , 0 
 0 , 0 , 0 , 0 , 0 , 0 , 0 , 0 
 0 , 0 , 0 , 0 , 0 , 0 , 0 , 0 
 0 , 0 , 0 , 0 , 0 , 0 , 0 , 0 
 0 , 0 , 0 , 0 , 0 , 0 , 0 , 0 
 0 , 0 , 0 , 0 , 0 , 0 , 0 , 0 
 0 , 0 , 0 , 0 , 0 , 0 , 0 , 0 
 0 , 0 , 0 , 0 , 0 , 0 , 0 , 0 
 0 , 0 , 0 , 0 , 0 , 0 , 0 , 0 
 0 , 0 , 0 , 0 , 0 , 0 , 0 , 0 
 0 , 0 , 0 , 0 , 0 , 0 , 0 , 0 
 0 , 0 , 0 , 0 , 0 , 0 , 0 , 0 
 0 , 0 , 0 , 0 , 0 , 0 , 0 , 0 
 0 , 0 , 0 , 0 , 0 , 0 , 0 , 0 
 0 , 0 , 0 , 0 , 0 , 0 , 0 , 0 
 0 , 0 , 0 , 0 , 0 , 0 , 0 , 0 
 0 , 0 , 0 , 0 , 0 , 0 , 0 , 0 
 0 , 0 , 0 , 0 , 0 , 0 , 0 , 0 
 0 , 0 , 0 , 0 , 0 , 0 , 0 , 0 
 0 , 0 , 0 , 0 , 0 , 0 , 0 , 0 
 0 , 0 , 0 , 0 , 0 , 0 , 0 , 0 
 0 , 0 , 0 , 0 , 0 , 0 , 0 , 0 
 0 , 0 , 0 , 0 , 0 , 0 , 0 , 0 
 0 , 0 , 0 , 0 , 0 , 0 , 0 , 0 
 0 , 0 , 0 , 0 , 0 , 0 , 0 , 0 
 0 , 0 , 0 , 0 , 0 , 0 , 0 , 0 
 0 , 0 , 0 , 0 , 0 , 0 , 0 , 0 
 0 , 0 , 0 , 0 , 0 , 0 , 0 , 0 
 0 , 0 , 0 , 0 , 0 , 0 , 0 , 0 
 0 , 0 , 0 , 0 , 0 , 0 , 0 , 0 
 0 , 0 , 0 , 0 , 0 , 0 , 0 , 0 
 0 , 0 , 0 , 0 , 0 , 0 , 0 , 0 
 0 , 0 , 0 , 0 , 0 , 0 , 0 , 0 
 0 , 0 , 0 , 0 , 0 , 0 , 0 , 0 
 0 , 0 , 0 , 0 , 0 , 0 , 0 , 0 
 0 , 0 , 0 , 0 , 0 , 0 , 0 , 0 
 0 , 0 , 0 , 0 , 0 , 0 , 0 , 0 
 0 , 0 , 0 , 0 , 0 , 0 , 0 , 0 
 0 , 0 , 0 , 0 , 0 , 0 , 0 , 0 
 0 , 0 , 0 , 0 , 0 , 0 , 0 , 0 
 0 , 0 , 0 , 0 , 0 , 0 , 0 , 0 
 0 , 0 , 0 , 0 , 0 , 0 , 0 , 0 
 0 , 0 , 0 , 0 , 0 , 0 , 0 , 0 
 0 , 0 , 0 , 0 , 0 , 0 , 0 , 0 
 0 , 0 , 0 , 0 , 0 , 0 , 0 , 0 
 0 , 0 , 0 , 0 , 0 , 0 , 0 , 0 
 0 , 0 , 0 , 0 , 0 , 0 , 0 , 0 
 0 , 0 , 0 , 0 , 0 , 0 , 0 , 0 
 0 , 0 , 0 , 0 , 0 , 0 , 0 , 0 
 0 , 0 , 0 , 0 , 0 , 0 , 0 , 0 
 0 , 0 , 0 , 0 , 0 , 0 , 0 , 0 
 0 , 0 , 0 , 0 , 0 , 0 , 0 , 0 
 0 , 0 , 0 , 0 , 0 , 0 , 0 , 0 
 0 , 0 , 0 , 0 , 0 , 0 , 0 , 0 
 0 , 0 , 0 , 0 , 0 , 0 , 0 , 0 
 0 , 0 , 0 , 0 , 0 , 0 , 0 , 0 
 0 , 0 , 0 , 0 , 0 , 0 , 0 , 0 
 0 , 0 , 0 , 0 , 0 , 0 , 0 , 0 
 0 , 0 , 0 , 0 , 0 , 0 , 0 , 0 
 0 , 0 , 0 , 0 , 0 , 0 , 0 , 0 
 0 , 0 , 0 , 0 , 0 , 0 , 0 , 0 
 0 , 0 , 0 , 0 , 0 , 0 , 0 , 0 
 0 , 0 , 0 , 0 , 0 , 0 , 0 , 0 
 0 , 0 , 0 , 0 , 0 , 0 , 0 , 0 
 0 , 0 , 0 , 0 , 0 , 0 , 0 , 0 
 0 , 0 , 0 , 0 , 0 , 0 , 0 , 0 
 0 , 0 , 0 , 0 , 0 , 0 , 0 , 0 
 0 , 0 , 0 , 0 , 0 , 0 , 0 , 0 
 0 , 0 , 0 , 0 , 0 , 0 , 0 , 0 
 0 , 0 , 0 , 0 , 0 , 0 , 0 , 0 
 0 , 0 , 0 , 0 , 0 , 0 , 0 , 0 
 0 , 0 , 0 , 0 , 0 , 0 , 0 , 0 
 0 , 0 , 0 , 0 , 0 , 0 , 0 , 0 
 0 , 0 , 0 , 0 , 0 , 0 , 0 , 0 
 0 , 0 , 0 , 0 , 0 , 0 , 0 , 0 
 0 , 0 , 0 , 0 , 0 , 0 , 0 , 0 
 0 , 0 , 0 , 0 , 0 , 0 , 0 , 0 
 0 , 0 , 0 , 0 , 0 , 0 , 0 , 0 
 0 , 0 , 0 , 0 , 0 , 0 , 0 , 0 
 0 , 0 , 0 , 0 , 0 , 0 , 0 , 0 
 0 , 0 , 0 , 0 , 0 , 0 , 0 , 0 
 0 , 0 , 0 , 0 , 0 , 0 , 0 , 0 
 0 , 0 , 0 , 0 , 0 , 0 , 0 , 0 
 0 , 0 , 0 , 0 , 0 , 0 , 0 , 0 
 0 , 0 , 0 , 0 , 0 , 0 , 0 , 0 
 0 , 0 , 0 , 0 , 0 , 0 , 0 , 0 
 0 , 0 , 0 , 0 , 0 , 0 , 0 , 0 
 0 , 0 , 0 , 0 , 0 , 0 , 0 , 0 
 0 , 0 , 0 , 0 , 0 , 0 , 0 , 0 
 0 , 0 , 0 , 0 , 0 , 0 , 0 , 0 
 0 , 0 , 0 , 0 , 0 , 0 , 0 , 0 
 0 , 0 , 0 , 0 , 0 , 0 , 0 , 0 
 0 , 0 , 0 , 0 , 0 , 0 , 0 , 0 
 0 , 0 , 0 , 0 , 0 , 0 , 0 , 0 
 0 , 0 , 0 , 0 , 0 , 0 , 0 , 0 
 0 , 0 , 0 , 0 , 0 , 0 , 0 , 0 
 0 , 0 , 0 , 0 , 0 , 0 , 0 , 0 
 0 , 0 , 0 , 0 , 0 , 0 , 0 , 0 
 0 , 0 , 0 , 0 , 0 , 0 , 0 , 0 
 0 , 0 , 0 , 0 , 0 , 0 , 0 , 0 
 0 , 0 , 0 , 0 , 0 , 0 , 0 , 0 
 0 , 0 , 0 , 0 , 0 , 0 , 0 , 0 
 0 , 0 , 0 , 0 , 0 , 0 , 0 , 0 
 0 , 0 , 0 , 0 , 0 , 0 , 0 , 0 
 0 , 0 , 0 , 0 , 0 , 0 , 0 , 0 
 0 , 0 , 0 , 0 , 0 , 0 , 0 , 0 
 0 , 0 , 0 , 0 , 0 , 0 , 0 , 0 
 0 , 0 , 0 , 0 , 0 , 0 , 0 , 0 
 0 , 0 , 0 , 0 , 0 , 0 , 0 , 0 
 0 , 0 , 0 , 0 , 0 , 0 , 0 , 0 
 0 , 0 , 0 , 0 , 0 , 0 , 0 , 0 
 0 , 0 , 0 , 0 , 0 , 0 , 0 , 0 
 0 , 0 , 0 , 0 , 0 , 0 , 0 , 0 
 0 , 0 , 0 , 0 , 0 , 0 , 0 , 0 
 0 , 0 , 0 , 0 , 0 , 0 , 0 , 0 
 0 , 0 , 0 , 0 , 0 , 0 , 0 , 0 
 0 , 0 , 0 , 0 , 0 , 0 , 0 , 0 
 0 , 0 , 0 , 0 , 0 , 0 , 0 , 0 
 0 , 0 , 0 , 0 , 0 , 0 , 0 , 0 
 0 , 0 , 0 , 0 , 0 , 0 , 0 , 0 
 0 , 0 , 0 , 0 , 0 , 0 , 0 , 0 
 0 , 0 , 0 , 0 , 0 , 0 , 0 , 0 
 0 , 0 , 0 , 0 , 0 , 0 , 0 , 0 
 0 , 0 , 0 , 0 , 0 , 0 , 0 , 0 
 0 , 0 , 0 , 0 , 0 , 0 , 0 , 0 
 0 , 0 , 0 , 0 , 0 , 0 , 0 , 0 
 0 , 0 , 0 , 0 , 0 , 0 , 0 , 0 
 0 , 0 , 0 , 0 , 0 , 0 , 0 , 0 
 0 , 0 , 0 , 0 , 0 , 0 , 0 , 0 
 0 , 0 , 0 , 0 , 0 , 0 , 0 , 0 
 0 , 0 , 0 , 0 , 0 , 0 , 0 , 0 
 0 , 0 , 0 , 0 , 0 , 0 , 0 , 0 
 0 , 0 , 0 , 0 , 0 , 0 , 0 , 0 
 0 , 0 , 0 , 0 , 0 , 0 , 0 , 0 
 0 , 0 , 0 , 0 , 0 , 0 , 0 , 0 
 0 , 0 , 0 , 0 , 0 , 0 , 0 , 0 
 0 , 0 , 0 , 0 , 0 , 0 , 0 , 0 
 0 , 0 , 0 , 0 , 0 , 0 , 0 , 0 
 0 , 0 , 0 , 0 , 0 , 0 , 0 , 0 
 0 , 0 , 0 , 0 , 0 , 0 , 0 , 0 
 0 , 0 , 0 , 0 , 0 , 0 , 0 , 0 
 0 , 0 , 0 , 0 , 0 , 0 , 0 , 0 
 0 , 0 , 0 , 0 , 0 , 0 , 0 , 0 
 0 , 0 , 0 , 0 , 0 , 0 , 0 , 0 
 0 , 0 , 0 , 0 , 0 , 0 , 0 , 0 
 0 , 0 , 0 , 0 , 0 , 0 , 0 , 0 
 0 , 0 , 0 , 0 , 0 , 0 , 0 , 0 
 0 , 0 , 0 , 0 , 0 , 0 , 0 , 0 
 0 , 0 , 0 , 0 , 0 , 0 , 0 , 0 
 0 , 0 , 0 , 0 , 0 , 0 , 0 , 0 
 0 , 0 , 0 , 0 , 0 , 0 , 0 , 0 
 0 , 0 , 0 , 0 , 0 , 0 , 0 , 0 
 0 , 0 , 0 , 0 , 0 , 0 , 0 , 0 
 0 , 0 , 0 , 0 , 0 , 0 , 0 , 0 
 0 , 0 , 0 , 0 , 0 , 0 , 0 , 0 
 0 , 0 , 0 , 0 , 0 , 0 , 0 , 0 
 0 , 0 , 0 , 0 , 0 , 0 , 0 , 0 
 0 , 0 , 0 , 0 , 0 , 0 , 0 , 0 
 0 , 0 , 0 , 0 , 0 , 0 , 0 , 0 
 0 , 0 , 0 , 0 , 0 , 0 , 0 , 0 
 0 , 0 , 0 , 0 , 0 , 0 , 0 , 0 
 0 , 0 , 0 , 0 , 0 , 0 , 0 , 0 
 0 , 0 , 0 , 0 , 0 , 0 , 0 , 0 
 0 , 0 , 0 , 0 , 0 , 0 , 0 , 0 
 0 , 0 , 0 , 0 , 0 , 0 , 0 , 0 
 0 , 0 , 0 , 0 , 0 , 0 , 0 , 0 
 0 , 0 , 0 , 0 , 0 , 0 , 0 , 0 
 0 , 0 , 0 , 0 , 0 , 0 , 0 , 0 
 0 , 0 , 0 , 0 , 0 , 0 , 0 , 0 
 0 , 0 , 0 , 0 , 0 , 0 , 0 , 0 
 0 , 0 , 0 , 0 , 0 , 0 , 0 , 0 
 0 , 0 , 0 , 0 , 0 , 0 , 0 , 0 
 0 , 0 , 0 , 0 , 0 , 0 , 0 , 0 
 0 , 0 , 0 , 0 , 0 , 0 , 0 , 0 
 0 , 0 , 0 , 0 , 0 , 0 , 0 , 0 
 0 , 0 , 0 , 0 , 0 , 0 , 0 , 0 
 0 , 0 , 0 , 0 , 0 , 0 , 0 , 0 
 0 , 0 , 0 , 0 , 0 , 0 , 0 , 0 
 0 , 0 , 0 , 0 , 0 , 0 , 0 , 0 
 0 , 0 , 0 , 0 , 0 , 0 , 0 , 0 
 0 , 0 , 0 , 0 , 0 , 0 , 0 , 0 
 0 , 0 , 0 , 0 , 0 , 0 , 0 , 0 
 0 , 0 , 0 , 0 , 0 , 0 , 0 , 0 
 0 , 0 , 0 , 0 , 0 , 0 , 0 , 0 
 0 , 0 , 0 , 0 , 0 , 0 , 0 , 0 
 0 , 0 , 0 , 0 , 0 , 0 , 0 , 0 
 0 , 0 , 0 , 0 , 0 , 0 , 0 , 0 
 0 , 0 , 0 , 0 , 0 , 0 , 0 , 0 
 0 , 0 , 0 , 0 , 0 , 0 , 0 , 0 
 0 , 0 , 0 , 0 , 0 , 0 , 0 , 0 
 0 , 0 , 0 , 0 , 0 , 0 , 0 , 0 
 0 , 0 , 0 , 0 , 0 , 0 , 0 , 0 
 0 , 0 , 0 , 0 , 0 , 0 , 0 , 0 
 0 , 0 , 0 , 0 , 0 , 0 , 0 , 0 
 0 , 0 , 0 , 0 , 0 , 0 , 0 , 0 
 0 , 0 , 0 , 0 , 0 , 0 , 0 , 0 
 0 , 0 , 0 , 0 , 0 , 0 , 0 , 0 
 0 , 0 , 0 , 0 , 0 , 0 , 0 , 0 
 0 , 0 , 0 , 0 , 0 , 0 , 0 , 0 
 0 , 0 , 0 , 0 , 0 , 0 , 0 , 0 
 0 , 0 , 0 , 0 , 0 , 0 , 0 , 0 
 0 , 0 , 0 , 0 , 0 , 0 , 0 , 0 
 0 , 0 , 0 , 0 , 0 , 0 , 0 , 0 
 0 , 0 , 0 , 0 , 0 , 0 , 0 , 0 
 0 , 0 , 0 , 0 , 0 , 0 , 0 , 0 
 0 , 0 , 0 , 0 , 0 , 0 , 0 , 0 
 0 , 0 , 0 , 0 , 0 , 0 , 0 , 0 
 0 , 0 , 0 , 0 , 0 , 0 , 0 , 0 
 0 , 0 , 0 , 0 , 0 , 0 , 0 , 0 
 0 , 0 , 0 , 0 , 0 , 0 , 0 , 0 
 0 , 0 , 0 , 0 , 0 , 0 , 0 , 0 
 0 , 0 , 0 , 0 , 0 , 0 , 0 , 0 
 0 , 0 , 0 , 0 , 0 , 0 , 0 , 0 
 0 , 0 , 0 , 0 , 0 , 0 , 0 , 0 
 0 , 0 , 0 , 0 , 0 , 0 , 0 , 0 
 0 , 0 , 0 , 0 , 0 , 0 , 0 , 0 
 0 , 0 , 0 , 0 , 0 , 0 , 0 , 0 
 0 , 0 , 0 , 0 , 0 , 0 , 0 , 0 
 0 , 0 , 0 , 0 , 0 , 0 , 0 , 0 
 0 , 0 , 0 , 0 , 0 , 0 , 0 , 0 
 0 , 0 , 0 , 0 , 0 , 0 , 0 , 0 
 0 , 0 , 0 , 0 , 0 , 0 , 0 , 0 
 0 , 0 , 0 , 0 , 0 , 0 , 0 , 0 
 0 , 0 , 0 , 0 , 0 , 0 , 0 , 0 
 0 , 0 , 0 , 0 , 0 , 0 , 0 , 0 
 0 , 0 , 0 , 0 , 0 , 0 , 0 , 0 
 0 , 0 , 0 , 0 , 0 , 0 , 0 , 0 
 0 , 0 , 0 , 0 , 0 , 0 , 0 , 0 
 0 , 0 , 0 , 0 , 0 , 0 , 0 , 0 
 0 , 0 , 0 , 0 , 0 , 0 , 0 , 0 
 0 , 0 , 0 , 0 , 0 , 0 , 0 , 0 
 0 , 0 , 0 , 0 , 0 , 0 , 0 , 0 
 0 , 0 , 0 , 0 , 0 , 0 , 0 , 0 
 0 , 0 , 0 , 0 , 0 , 0 , 0 , 0 
 0 , 0 , 0 , 0 , 0 , 0 , 0 , 0 
 0 , 0 , 0 , 0 , 0 , 0 , 0 , 0 
 0 , 0 , 0 , 0 , 0 , 0 , 0 , 0 
 0 , 0 , 0 , 0 , 0 , 0 , 0 , 0 
 0 , 0 , 0 , 0 , 0 , 0 , 0 , 0 
 0 , 0 , 0 , 0 , 0 , 0 , 0 , 0 
 0 , 0 , 0 , 0 , 0 , 0 , 0 , 0 
 0 , 0 , 0 , 0 , 0 , 0 , 0 , 0 
 0 , 0 , 0 , 0 , 0 , 0 , 0 , 0 
 0 , 0 , 0 , 0 , 0 , 0 , 0 , 0 
 0 , 0 , 0 , 0 , 0 , 0 , 0 , 0 
 0 , 0 , 0 , 0 , 0 , 0 , 0 , 0 
 0 , 0 , 0 , 0 , 0 , 0 , 0 , 0 
 0 , 0 , 0 , 0 , 0 , 0 , 0 , 0 
 0 , 0 , 0 , 0 , 0 , 0 , 0 , 0 
 0 , 0 , 0 , 0 , 0 , 0 , 0 , 0 
 0 , 0 , 0 , 0 , 0 , 0 , 0 , 0 
 0 , 0 , 0 , 0 , 0 , 0 , 0 , 0 
 0 , 0 , 0 , 0 , 0 , 0 , 0 , 0 
 0 , 0 , 0 , 0 , 0 , 0 , 0 , 0 
 0 , 0 , 0 , 0 , 0 , 0 , 0 , 0 
 0 , 0 , 0 , 0 , 0 , 0 , 0 , 0 
 0 , 0 , 0 , 0 , 0 , 0 , 0 , 0 
 0 , 0 , 0 , 0 , 0 , 0 , 0 , 0 
 0 , 0 , 0 , 0 , 0 , 0 , 0 , 0 
 0 , 0 , 0 , 0 , 0 , 0 , 0 , 0 
 0 , 0 , 0 , 0 , 0 , 0 , 0 , 0 
 0 , 0 , 0 , 0 , 0 , 0 , 0 , 0 
 0 , 0 , 0 , 0 , 0 , 0 , 0 , 0 
 0 , 0 , 0 , 0 , 0 , 0 , 0 , 0 
 0 , 0 , 0 , 0 , 0 , 0 , 0 , 0 
 0 , 0 , 0 , 0 , 0 , 0 , 0 , 0 
 0 , 0 , 0 , 0 , 0 , 0 , 0 , 0 
 0 , 0 , 0 , 0 , 0 , 0 , 0 , 0 
 0 , 0 , 0 , 0 , 0 , 0 , 0 , 0 
 0 , 0 , 0 , 0 , 0 , 0 , 0 , 0 
 0 , 0 , 0 , 0 , 0 , 0 , 0 , 0 
 0 , 0 , 0 , 0 , 0 , 0 , 0 , 0 
 0 , 0 , 0 , 0 , 0 , 0 , 0 , 0 
 0 , 0 , 0 , 0 , 0 , 0 , 0 , 0 
 0 , 0 , 0 , 0 , 0 , 0 , 0 , 0 
 0 , 0 , 0 , 0 , 0 , 0 , 0 , 0 
 0 , 0 , 0 , 0 , 0 , 0 , 0 , 0 
 0 , 0 , 0 , 0 , 0 , 0 , 0 , 0 
 0 , 0 , 0 , 0 , 0 , 0 , 0 , 0 
 0 , 0 , 0 , 0 , 0 , 0 , 0 , 0 
 0 , 0 , 0 , 0 , 0 , 0 , 0 , 0 
 0 , 0 , 0 , 0 , 0 , 0 , 0 , 0 
 0 , 0 , 0 , 0 , 0 , 0 , 0 , 0 
 0 , 0 , 0 , 0 , 0 , 0 , 0 , 0 
 0 , 0 , 0 , 0 , 0 , 0 , 0 , 0 
 0 , 0 , 0 , 0 , 0 , 0 , 0 , 0 
 0 , 0 , 0 , 0 , 0 , 0 , 0 , 0 
 0 , 0 , 0 , 0 , 0 , 0 , 0 , 0 
 0 , 0 , 0 , 0 , 0 , 0 , 0 , 0 
 0 , 0 , 0 , 0 , 0 , 0 , 0 , 0 
 0 , 0 , 0 , 0 , 0 , 0 , 0 , 0 
 0 , 0 , 0 , 0 , 0 , 0 , 0 , 0 
 0 , 0 , 0 , 0 , 0 , 0 , 0 , 0 
 0 , 0 , 0 , 0 , 0 , 0 , 0 , 0 
 0 , 0 , 0 , 0 , 0 , 0 , 0 , 0 
 0 , 0 , 0 , 0 , 0 , 0 , 0 , 0 
 0 , 0 , 0 , 0 , 0 , 0 , 0 , 0 
 0 , 0 , 0 , 0 , 0 , 0 , 0 , 0 
 0 , 0 , 0 , 0 , 0 , 0 , 0 , 0 
 0 , 0 , 0 , 0 , 0 , 0 , 0 , 0 
 0 , 0 , 0 , 0 , 0 , 0 , 0 , 0 
 0 , 0 , 0 , 0 , 0 , 0 , 0 , 0 
 0 , 0 , 0 , 0 , 0 , 0 , 0 , 0 
 0 , 0 , 0 , 0 , 0 , 0 , 0 , 0 
 0 , 0 , 0 , 0 , 0 , 0 , 0 , 0 
 0 , 0 , 0 , 0 , 0 , 0 , 0 , 0 
 0 , 0 , 0 , 0 , 0 , 0 , 0 , 0 
 0 , 0 , 0 , 0 , 0 , 0 , 0 , 0 
 0 , 0 , 0 , 0 , 0 , 0 , 0 , 0 
 0 , 0 , 0 , 0 , 0 , 0 , 0 , 0 
 0 , 0 , 0 , 0 , 0 , 0 , 0 , 0 
 0 , 0 , 0 , 0 , 0 , 0 , 0 , 0 
 0 , 0 , 0 , 0 , 0 , 0 , 0 , 0 
 0 , 0 , 0 , 0 , 0 , 0 , 0 , 0 
 0 , 0 , 0 , 0 , 0 , 0 , 0 , 0 
 0 , 0 , 0 , 0 , 0 , 0 , 0 , 0 
 0 , 0 , 0 , 0 , 0 , 0 , 0 , 0 
 0 , 0 , 0 , 0 , 0 , 0 , 0 , 0 
 0 , 0 , 0 , 0 , 0 , 0 , 0 , 0 
 0 , 0 , 0 , 0 , 0 , 0 , 0 , 0 
 0 , 0 , 0 , 0 , 0 , 0 , 0 , 0 
 0 , 0 , 0 , 0 , 0 , 0 , 0 , 0 
 0 , 0 , 0 , 0 , 0 , 0 , 0 , 0 
 0 , 0 , 0 , 0 , 0 , 0 , 0 , 0 
 0 , 0 , 0 , 0 , 0 , 0 , 0 , 0 
 0 , 0 , 0 , 0 , 0 , 0 , 0 , 0 
 0 , 0 , 0 , 0 , 0 , 0 , 0 , 0 
 0 , 0 , 0 , 0 , 0 , 0 , 0 , 0 
 0 , 0 , 0 , 0 , 0 , 0 , 0 , 0 
 0 , 0 , 0 , 0 , 0 , 0 , 0 , 0 
 0 , 0 , 0 , 0 , 0 , 0 , 0 , 0 
 0 , 0 , 0 , 0 , 0 , 0 , 0 , 0 
 0 , 0 , 0 , 0 , 0 , 0 , 0 , 0 
 0 , 0 , 0 , 0 , 0 , 0 , 0 , 0 
 0 , 0 , 0 , 0 , 0 , 0 , 0 , 0 
 0 , 0 , 0 , 0 , 0 , 0 , 0 , 0 
 0 , 0 , 0 , 0 , 0 , 0 , 0 , 0 
 0 , 0 , 0 , 0 , 0 , 0 , 0 , 0 
 0 , 0 , 0 , 0 , 0 , 0 , 0 , 0 
 0 , 0 , 0 , 0 , 0 , 0 , 0 , 0 
 0 , 0 , 0 , 0 , 0 , 0 , 0 , 0 
 0 , 0 , 0 , 0 , 0 , 0 , 0 , 0 
 0 , 0 , 0 , 0 , 0 , 0 , 0 , 0 
 0 , 0 , 0 , 0 , 0 , 0 , 0 , 0 
 0 , 0 , 0 , 0 , 0 , 0 , 0 , 0 
 0 , 0 , 0 , 0 , 0 , 0 , 0 , 0 
 0 , 0 , 0 , 0 , 0 , 0 , 0 , 0 
 0 , 0 , 0 , 0 , 0 , 0 , 0 , 0 
 0 , 0 , 0 , 0 , 0 , 0 , 0 , 0 
 0 , 0 , 0 , 0 , 0 , 0 , 0 , 0 
 0 , 0 , 0 , 0 , 0 , 0 , 0 , 0 
 0 , 0 , 0 , 0 , 0 , 0 , 0 , 0 
 0 , 0 , 0 , 0 , 0 , 0 , 0 , 0 
 0 , 0 , 0 , 0 , 0 , 0 , 0 , 0 
 0 , 0 , 0 , 0 , 0 , 0 , 0 , 0 
 0 , 0 , 0 , 0 , 0 , 0 , 0 , 0 
 0 , 0 , 0 , 0 , 0 , 0 , 0 , 0 
 0 , 0 , 0 , 0 , 0 , 0 , 0 , 0 
 0 , 0 , 0 , 0 , 0 , 0 , 0 , 0 
 0 , 0 , 0 , 0 , 0 , 0 , 0 , 0 
 0 , 0 , 0 , 0 , 0 , 0 , 0 , 0 
 0 , 0 , 0 , 0 , 0 , 0 , 0 , 0 
 0 , 0 , 0 , 0 , 0 , 0 , 0 , 0 
 0 , 0 , 0 , 0 , 0 , 0 , 0 , 0 
 0 , 0 , 0 , 0 , 0 , 0 , 0 , 0 
 0 , 0 , 0 , 0 , 0 , 0 , 0 , 0 
 0 , 0 , 0 , 0 , 0 , 0 , 0 , 0 
 0 , 0 , 0 , 0 , 0 , 0 , 0 , 0 
 0 , 0 , 0 , 0 , 0 , 0 , 0 , 0 
 0 , 0 , 0 , 0 , 0 , 0 , 0 , 0 
 0 , 0 , 0 , 0 , 0 , 0 , 0 , 0 
 0 , 0 , 0 , 0 , 0 , 0 , 0 , 0 
 0 , 0 , 0 , 0 , 0 , 0 , 0 , 0 
 0 , 0 , 0 , 0 , 0 , 0 , 0 , 0 
 0 , 0 , 0 , 0 , 0 , 0 , 0 , 0 
 0 , 0 , 0 , 0 , 0 , 0 , 0 , 0 
 0 , 0 , 0 , 0 , 0 , 0 , 0 , 0 
 0 , 0 , 0 , 0 , 0 , 0 , 0 , 0 
 0 , 0 , 0 , 0 , 0 , 0 , 0 , 0 
 0 , 0 , 0 , 0 , 0 , 0 , 0 , 0 
 0 , 0 , 0 , 0 , 0 , 0 , 0 , 0 
 0 , 0 , 0 , 0 , 0 , 0 , 0 , 0 
 0 , 0 , 0 , 0 , 0 , 0 , 0 , 0 
 0 , 0 , 0 , 0 , 0 , 0 , 0 , 0 
 0 , 0 , 0 , 0 , 0 , 0 , 0 , 0 
 0 , 0 , 0 , 0 , 0 , 0 , 0 , 0 
 0 , 0 , 0 , 0 , 0 , 0 , 0 , 0 
 0 , 0 , 0 , 0 , 0 , 0 , 0 , 0 
 0 , 0 , 0 , 0 , 0 , 0 , 0 , 0 
 0 , 0 , 0 , 0 , 0 , 0 , 0 , 0 
 0 , 0 , 0 , 0 , 0 , 0 , 0 , 0 
 0 , 0 , 0 , 0 , 0 , 0 , 0 , 0 
 0 , 0 , 0 , 0 , 0 , 0 , 0 , 0 
 0 , 0 , 0 , 0 , 0 , 0 , 0 , 0 
 0 , 0 , 0 , 0 , 0 , 0 , 0 , 0 
 0 , 0 , 0 , 0 , 0 , 0 , 0 , 0 
 0 , 0 , 0 , 0 , 0 , 0 , 0 , 0 
 0 , 0 , 0 , 0 , 0 , 0 , 0 , 0 
 0 , 0 , 0 , 0 , 0 , 0 , 0 , 0 
 0 , 0 , 0 , 0 , 0 , 0 , 0 , 0 
 0 , 0 , 0 , 0 , 0 , 0 , 0 , 0 
 0 , 0 , 0 , 0 , 0 , 0 , 0 , 0 
 0 , 0 , 0 , 0 , 0 , 0 , 0 , 0 
 0 , 0 , 0 , 0 , 0 , 0 , 0 , 0 
 0 , 0 , 0 , 0 , 0 , 0 , 0 , 0 
 0 , 0 , 0 , 0 , 0 , 0 , 0 , 0 
 0 , 0 , 0 , 0 , 0 , 0 , 0 , 0 
 0 , 0 , 0 , 0 , 0 , 0 , 0 , 0 
 0 , 0 , 0 , 0 , 0 , 0 , 0 , 0 
 0 , 0 , 0 , 0 , 0 , 0 , 0 , 0 
 0 , 0 , 0 , 0 , 0 , 0 , 0 , 0 
 0 , 0 , 0 , 0 , 0 , 0 , 0 , 0 
 0 , 0 , 0 , 0 , 0 , 0 , 0 , 0 
 0 , 0 , 0 , 0 , 0 , 0 , 0 , 0 
 0 , 0 , 0 , 0 , 0 , 0 , 0 , 0 
 0 , 0 , 0 , 0 , 0 , 0 , 0 , 0 
 0 , 0 , 0 , 0 , 0 , 0 , 0 , 0 
 0 , 0 , 0 , 0 , 0 , 0 , 0 , 0 
 0 , 0 , 0 , 0 , 0 , 0 , 0 , 0 
 0 , 0 , 0 , 0 , 0 , 0 , 0 , 0 
 0 , 0 , 0 , 0 , 0 , 0 , 0 , 0 
 0 , 0 , 0 , 0 , 0 , 0 , 0 , 0 
 0 , 0 , 0 , 0 , 0 , 0 , 0 , 0 
 0 , 0 , 0 , 0 , 0 , 0 , 0 , 0 
 0 , 0 , 0 , 0 , 0 , 0 , 0 , 0 
 0 , 0 , 0 , 0 , 0 , 0 , 0 , 0 
 0 , 0 , 0 , 0 , 0 , 0 , 0 , 0 
 0 , 0 , 0 , 0 , 0 , 0 , 0 , 0 
 0 , 0 , 0 , 0 , 0 , 0 , 0 , 0 
 0 , 0 , 0 , 0 , 0 , 0 , 0 , 0 
 0 , 0 , 0 , 0 , 0 , 0 , 0 , 0 
 0 , 0 , 0 , 0 , 0 , 0 , 0 , 0 
 0 , 0 , 0 , 0 , 0 , 0 , 0 , 0 
 0 , 0 , 0 , 0 , 0 , 0 , 0 , 0 
 0 , 0 , 0 , 0 , 0 , 0 , 0 , 0 
 0 , 0 , 0 , 0 , 0 , 0 , 0 , 0 
 0 , 0 , 0 , 0 , 0 , 0 , 0 , 0 
 0 , 0 , 0 , 0 , 0 , 0 , 0 , 0 
 0 , 0 , 0 , 0 , 0 , 0 , 0 , 0 
 0 , 0 , 0 , 0 , 0 , 0 , 0 , 0 
 0 , 0 , 0 , 0 , 0 , 0 , 0 , 0 
 0 , 0 , 0 , 0 , 0 , 0 , 0 , 0 
 0 , 0 , 0 , 0 , 0 , 0 , 0 , 0 
 0 , 0 , 0 , 0 , 0 , 0 , 0 , 0 
 0 , 0 , 0 , 0 , 0 , 0 , 0 , 0 
 0 , 0 , 0 , 0 , 0 , 0 , 0 , 0 
 0 , 0 , 0 , 0 , 0 , 0 , 0 , 0 
 861 , 875 , 894 , 909 , 929 , 0 , 0 , 0 
 746 , 760 , 773 , 788 , 797 , 807 , 831 , 846 
 626 , 635 , 662 , 677 , 692 , 707 , 722 , 733 
 516 , 530 , 544 , 558 , 572 , 593 , 604 , 615 
 412 , 425 , 437 , 448 , 461 , 470 , 485 , 500 
 302 , 311 , 320 , 346 , 360 , 374 , 388 , 402 
 215 , 223 , 231 , 241 , 251 , 261 , 274 , 293 
 96 , 106 , 121 , 142 , 166 , 183 , 191 , 205 
 40 , 47 , 54 , 61 , 66 , 73 , 78 , 87 
 0 , 0 , 6 , 12 , 18 , 22 , 28 , 32 
