 382.0, 0.116,000.97,001.22,000.12,25.0
 388.0, 0.337,000.96,000.09,000.66,25.0
 398.0, 0.444,001.74,000.12,003.14,25.0
 404.0, 1.606,006.64,000.40,036.73,25.0
 412.0, 2.222,022.06,000.87,107.78,25.0
 421.0, 2.747,044.29,002.05,218.53,25.0
 428.0, 3.125,065.26,003.38,289.37,25.0
 435.0, 3.561,100.71,005.64,358.31,25.0
 444.0, 4.635,152.79,013.26,501.64,25.0
 451.0, 5.000,156.31,021.31,535.85,25.0
 456.0, 3.938,106.88,021.83,392.30,25.0
 462.0, 6.104,129.87,040.84,496.80,25.0
 470.0, 6.888,121.79,054.61,398.21,25.0
 478.0, 7.297,111.07,085.17,301.88,25.0
 487.0, 7.076,065.21,134.65,204.30,25.0
 494.0, 9.432,035.08,254.28,192.13,25.0
 504.0, 8.168,016.71,306.33,102.81,25.0
 514.0, 9.282,026.85,548.45,057.86,25.0
 520.0,11.116,052.33,789.20,045.38,25.0
 526.0, 9.813,081.26,785.29,023.54,25.0
 532.0, 9.890,147.88,859.69,013.45,25.0
 539.0,12.064,302.97,1075.5,008.14,25.0
 548.0, 9.401,327.53,844.04,004.24,25.0
 555.0,14.113,672.41,1254.2,005.14,25.0
 563.0,15.821,943.28,1408.9,005.17,25.0
 570.0,12.884,878.44,1099.1,004.10,25.0
 576.0,17.719,1294.7,1406.5,005.78,25.0
 584.0,15.697,1228.9,1066.2,005.90,25.0
 590.0,12.695,1033.2,781.24,005.62,25.0
 597.0,18.589,1541.0,1007.6,010.48,25.0
 605.0, 9.874,804.90,458.37,006.64,25.0
 611.0, 9.830,760.02,396.56,006.81,25.0
 616.0,11.961,864.04,418.39,008.16,25.0
 627.0,12.058,716.68,277.58,007.42,25.0
 634.0,11.820,576.12,185.23,006.40,25.0
 644.0,10.357,380.21,100.96,004.67,25.0
 651.0,11.802,308.48,074.53,004.33,25.0
 660.0,10.721,179.50,041.20,003.09,25.0
 666.0,10.914,129.36,028.89,002.60,25.0
 672.0,11.137,086.35,018.69,002.13,25.0
 678.0,12.118,060.47,012.91,001.89,25.0
 688.0, 9.035,024.54,005.38,001.10,25.0
 695.0, 5.417,008.54,002.02,000.56,25.0
 704.0, 9.681,007.66,002.06,000.78,25.0
 708.0, 9.904,006.00,001.66,000.72,25.0
 714.0, 5.904,002.25,000.67,000.40,25.0
 721.0, 8.270,001.91,000.57,000.47,25.0
 728.0, 6.281,000.92,000.27,000.33,25.0
 734.0, 4.710,000.50,000.15,000.24,25.0
 742.0, 6.863,000.48,000.14,000.28,25.0
 747.0, 4.615,000.28,000.08,000.20,25.0
 757.0, 4.153,000.20,000.07,000.17,25.0
 798.0,27.301,000.96,000.51,000.71,25.0
 826.0,37.380,002.70,002.19,001.45,25.0
 851.0,33.818,004.62,003.37,002.17,25.0
