 382.0, 0.116,000.87,001.04,000.12,25.0
 388.0, 0.337,000.80,000.09,000.71,25.0
 398.0, 0.444,001.57,000.09,003.33,25.0
 404.0, 1.606,004.94,000.32,038.58,25.0
 412.0, 2.222,018.15,000.71,113.44,25.0
 421.0, 2.747,038.28,001.69,225.84,25.0
 428.0, 3.125,055.88,002.76,296.19,25.0
 435.0, 3.561,088.31,004.57,364.93,25.0
 444.0, 4.635,139.21,011.22,505.44,25.0
 451.0, 5.000,145.84,018.24,534.61,25.0
 456.0, 3.938,100.99,018.44,387.52,25.0
 462.0, 6.104,121.20,033.94,486.44,25.0
 470.0, 6.888,113.87,045.95,390.67,25.0
 478.0, 7.297,108.38,072.50,300.20,25.0
 487.0, 7.076,067.30,115.10,205.29,25.0
 494.0, 9.432,035.26,217.73,190.79,25.0
 504.0, 8.168,014.83,266.46,099.73,25.0
 514.0, 9.282,020.05,481.16,054.57,25.0
 520.0,11.116,038.01,683.51,042.32,25.0
 526.0, 9.813,060.92,668.33,021.67,25.0
 532.0, 9.890,119.16,722.64,012.13,25.0
 539.0,12.064,261.66,892.60,006.97,25.0
 548.0, 9.401,289.25,701.56,003.37,25.0
 555.0,14.113,600.99,1048.4,003.65,25.0
 563.0,15.821,852.42,1180.2,003.22,25.0
 570.0,12.884,803.17,915.50,002.33,25.0
 576.0,17.719,1190.5,1165.0,003.10,25.0
 584.0,15.697,1129.4,885.77,002.81,25.0
 590.0,12.695,951.41,653.75,002.40,25.0
 597.0,18.589,1437.6,847.86,003.85,25.0
 605.0, 9.874,766.34,384.35,002.35,25.0
 611.0, 9.830,730.19,329.88,002.61,25.0
 616.0,11.961,836.43,345.13,003.40,25.0
 627.0,12.058,701.71,225.03,004.31,25.0
 634.0,11.820,571.35,149.24,005.10,25.0
 644.0,10.357,388.08,081.51,005.11,25.0
 651.0,11.802,324.40,060.74,005.12,25.0
 660.0,10.721,193.07,034.00,003.28,25.0
 666.0,10.914,140.45,024.06,002.59,25.0
 672.0,11.137,094.46,015.76,002.08,25.0
 678.0,12.118,066.26,011.11,001.91,25.0
 688.0, 9.035,027.14,004.75,001.17,25.0
 695.0, 5.417,009.45,001.80,000.60,25.0
 704.0, 9.681,008.42,001.80,000.87,25.0
 708.0, 9.904,006.60,001.44,000.80,25.0
 714.0, 5.904,002.47,000.57,000.43,25.0
 721.0, 8.270,002.08,000.49,000.49,25.0
 728.0, 6.281,000.99,000.23,000.32,25.0
 734.0, 4.710,000.53,000.13,000.24,25.0
 742.0, 6.863,000.50,000.13,000.28,25.0
 747.0, 4.615,000.29,000.09,000.18,25.0
 757.0, 4.153,000.21,000.06,000.15,25.0
 798.0,27.301,000.89,000.48,000.70,25.0
 826.0,37.380,002.57,002.33,001.46,25.0
 851.0,33.818,004.83,002.99,002.20,25.0
