C1	2222 861 15121						
C100	2238 580 15649						
C101	2238 580 15649						
C102	2238 580 15649						
C103	2222 861 15829						
C105	2238 580 15649						
C106	2238 580 15649						
C107	2238 580 15649						
C108	2238 580 15649						
C109	2238 580 15649						
C11	2238 580 15649						
C110	2238 580 15649						
C115	2238 580 15649						
C116	2238 580 15649						
C117	2238 580 15649						
C12	2222 861 15121						
C120	2238 580 15649
C121	2238 580 15649
C122	2238 580 15649
C123	2222 861 15189
C124	2222 861 15189
C126	2238 580 15649
C127	2238 580 15649
C128	2238 580 15649
C129	2238 580 15649
C13	2222 861 15121
C130	4008 101 85030
C131	2238 580 15649
C132	4008 102 00470
C133	4008 102 00470
C134	2222 861 15479
C137	2238 580 15649
C138	2222 861 15471
C139	4008 102 00360
C14	2238 580 15649
C140	2222 861 15688
C143	4008 101 85030
C144	2238 580 15649
C145	2222 580 16627
C146	2238 580 15649
C147	2238 580 15649
C148	2222 581 16636
C149	4008 101 85030
C15	4008 102 00470
C150	2222 580 16627
C151	4008 102 00360
C152	2238 580 15649
C155	2222 861 15101
C156	2238 580 15649
C157	2222 580 16627
C158	2238 580 15649
C159	2238 580 15649
C16	2238 580 15649
C160	2238 580 15649
C161	2222 861 15189
C162	2238 580 15649
C163	2222 861 15189
C164	2238 580 15649
C165	2238 580 15649
C166	2238 580 15649
C167	2238 580 15649
C168	2238 580 15649
C169	2238 580 15649
C17	4008 102 00470
C170	2238 580 15649
C171	2238 580 15649
C172	2222 861 15101
C173	2222 861 15101
C174	2222 861 15101
C175	2238 580 15649
C176	4008 102 00510
C177	2222 580 16627
C178	2222 861 15828
C179	2238 580 15649
C180	2238 580 15649
C181	2238 580 15649
C182	4008 102 00470
C183	4008 101 85030
C184	2222 580 16627
C185	2238 580 15649
C186	2222 861 15101
C187	2222 861 15101
C188	2238 580 15649
C190	2238 580 15649
C191	4008 101 85030
C194	2238 580 15649
C197	4008 101 85030
C198	4008 101 85040
C199	2238 580 15649
C2	4008 102 00470
C20	2222 861 15121
C200	4008 101 85040
C201	2238 580 15649
C202	4008 101 85040
C203	2238 580 15649
C204	4008 101 85040
C205	4008 101 85040
C206	4008 101 85040
C207	2238 580 15649
C208	4008 101 85030
C209	4008 101 85040
C21	2238 580 15649
C210	4008 101 85100
C211	2238 580 15649
C212	2238 580 15649
C213	2238 580 15649
C214	2222 861 15189
C215	2238 580 15649
C216	2222 861 15189
C218	2238 580 15649
C219	2238 580 15649
C22	2238 580 15649
C221	2238 580 15649
C224	2238 580 15649
C225	4008 102 00510
C227	2238 580 15649
C228	2238 580 15649
C229	2222 861 15689
C230	2238 580 15649
C231	2222 861 15331
C232	2222 861 15331
C233	2238 580 15649
C234	2222 861 15829
C235	2222 861 15101
C236	2222 861 15689
C237	2222 861 15331
C238	2238 580 15649
C239	2238 580 15649
C240	2238 580 15649
C241	2238 580 15649
C242	4008 101 85030
C243	2222 861 15101
C244	2222 861 15338
C245	4008 101 85030
C246	2238 580 15649
C247	4008 101 85030
C248	4008 101 85030
C25	2222 861 15829
C250	2238 580 15649
C251	4008 101 85030
C252	2238 580 15649
C253	2238 580 15649
C254	2238 580 15649
C255	4008 102 00470
C256	2238 580 15649
C257	2238 580 15649
C258	2238 580 15649
C259	2238 580 15649
C26	2238 580 15649
C260	2238 580 15649
C261	2238 580 15649
C27	2238 580 15649
C270	2238 580 15649
C271	2238 580 15649
C272	4008 101 85030
C273	2238 580 15649
C274	2238 580 15649
C275	2238 580 15649
C276	2238 580 15649
C277	2238 580 15649
C278	2238 580 15649
C279	2238 580 15649
C28	2238 580 15649
C280	2238 580 15649
C281	2238 580 15649
C282	2238 580 15649
C283	2238 580 15649
C284	2238 580 15649
C285	2238 580 15649
C286	2238 580 15649
C287	2238 580 15649
C288	2238 580 15649
C289	2238 580 15649
C29	2222 861 15688
C290	2238 580 15649
C291	4008 102 00470
C292	2222 861 15101
C293	2222 580 16627
C294	2238 580 15649
C295	2238 580 15649
C296	2238 580 15649
C297	2238 580 15649
C298	2238 580 15649
C299	2238 580 15649
C3	2238 580 15649
C30	4008 102 00360
C300	2238 580 15649
C301	2222 861 15109
C303	2238 580 15649
C304	2238 580 15649
C305	2238 580 15649
C306	2222 861 15159
C307	2222 861 15479
C308	2238 580 15649
C309	2222 861 15181
C31	4008 102 00360
C310	2222 861 15159
C311	2222 861 15331
C312	2222 861 15159
C313	2222 861 15181
C314	2238 580 15649
C315	2238 580 15649
C316	2238 580 15649
C317	2222 861 15101
C318	4008 102 00360
C319	2238 580 15645
C32	2222 861 15829
C320	4008 102 00360
C321	4008 102 00470
C322	4008 101 85030
C323	4008 101 85030
C324	2238 580 15649
C325	2238 580 15649
C326	2238 580 15649
C327	4008 101 85030
C328	4008 101 85030
C329	2238 580 15649
C33	2222 861 15689
C330	2238 580 15649
C331	2238 580 15649
C332	2238 580 15649
C333	2222 861 15109
C334	2238 580 15649
C34	2222 861 15271
C35	2222 861 15221
C36	2222 861 15829
C37	2222 861 15689
C38	2238 580 15649
C39	2238 580 15649
C4	4008 102 00470
C40	2222 861 15331
C41	2222 861 15829
C42	2238 580 15649
C43	2238 580 15649
C44	2222 861 15688
C45	4008 101 85030
C46	2238 580 15649
C47	2222 861 15829
C48	2222 861 15689
C49	2222 861 15271
C5	2238 580 15649
C50	2222 861 15221
C51	2222 861 15829
C52	2222 861 15689
C53	2238 580 15649
C54	2222 861 15331
C55	2222 861 15829
C56	2238 580 15649
C57	2238 580 15649
C58	2222 861 15688
C59	2222 861 15478
C6	4008 102 00470
C60	2222 861 15828
C61	2222 861 15829
C62	2222 861 15689
C63	2222 861 15271
C64	2222 861 15221
C65	2222 861 15829
C66	2222 861 15689
C67	2238 580 15649
C68	2222 861 15331
C69	4008 101 85100
C7	4008 102 00470
C70	2238 580 15649
C71	2238 580 15649
C72	2238 580 15649
C73	2238 580 15649
C74	2238 580 15649
C75	2238 580 15649
C76	2238 580 15649
C77	2238 580 15649
C78	2238 580 15649
C79	2238 580 15649						
C8	4008 102 00470						
C80	2238 580 15649						
C85	2238 580 15649						
C86	2238 580 15649						
C87	2238 580 15649						
C90	2238 580 15649						
C91	2238 580 15649						
C92	2238 580 15649						
C93	2238 580 15649						
C94	2238 580 15649						
C95	2238 580 15649						
D1	9332 153 70215						
D10	9331 849 20215						
D11	9331 849 20215						
D12	9332 153 70215						
D13	4008 102 60600						
D13	4008 108 05070						
D14	9331 849 20215						
D15	4008 102 60620						
D16	9340 372 00115						
D17	9336 247 60113						
D18	4008 102 60600						
D19	4008 102 60600						
D2	9332 153 70215						
D20	4008 102 60600						
D20	4008 108 05070						
D21	4008 102 60600						
D21	4008 108 05070						
D22	4008 102 60600						
D23	4008 102 60600						
D24	4008 102 60600						
D24	4008 108 05070						
D25	4008 102 60600						
D26	4008 102 60600						
D27	4008 102 60600						
D28	4008 102 60600						
D29	4008 102 60600						
D29	4008 108 05070						
D3	9332 153 70215						
D30	4008 102 60600						
D30	4008 108 05070						
D31	4008 102 60600						
D32	4008 102 60600						
D33	4008 102 60600						
D34	4008 102 60600						
D34	4008 108 05070						
D35	4008 102 60600						
D36	4008 102 60600
D37	4008 102 60600
D38	9332 153 70215
D39	9332 153 70215
D4	9332 153 70215
D40	9332 153 70215
D41	9332 153 70215
D5	9331 849 20215
D6	9331 849 20215
D7	9331 849 20215
D8	9332 153 70215
D9	9332 153 70215
L1	8208 110 01600
L11	8208 110 01600
L12	8208 110 01600
L13	4008 100 20110
L14	4008 100 09900						
L15	4008 100 09900						
L16	4008 100 09900						
L17	4008 100 20080						
L18	4008 100 20080						
L19	4008 100 20080						
L2	4008 100 09900						
L20	4008 100 20080						
L21	4008 100 20110						
L22	4008 100 20110						
L23	4008 100 20110						
L24	4008 100 09900						
L25	4008 100 09900						
L26	4008 100 09930						
L27	4008 100 09930						
L28	4008 100 09900						
L29	4008 100 09900
L3	4008 100 09900
L30	4008 100 09900
L31	4008 100 09900
L32	4008 100 20110
L33	4008 100 09910
L35	8208 110 01600
L36	4008 100 20100
L37	4008 100 20100
L38	4008 100 20110
L4	4008 100 09900
L5	4008 100 09900
L6	4008 100 09900
L7	4008 100 09900
L8	4008 100 09900
L9	4008 100 09900
Liste fra MFGPRO								
P1	4008 103 66940							
PP2	4008 103 66140							
Q1	9335 896 30215							
Q10	9335 896 30215							
Q2	9335 896 30215							
Q3	4008 102 70540							
Q4	4008 102 70590							
Q5	9335 896 30215							
Q6	4008 102 70540							
Q7	9335 896 30215							
Q8	9335 896 30215							
Q9	9335 896 30215							
R1	4008 100 70630							
R10	4008 100 70550							
R100	4008 100 70690							
R101	4008 100 70660
R102	4008 100 70660
R103	4008 100 70870
R104	4008 100 70490
R105	4008 100 70510
R106	4008 100 70490
R11	4008 100 70650
R110	4008 100 70490
R111	4008 100 70630
R112	4008 100 70970
R113	4008 100 70400
R114	4008 100 70570
R115	4008 100 70400
R116	4008 100 70520
R117	4008 100 70550
R118	4008 100 70630
R119	4008 100 70480
R12	4008 100 70650
R120	4008 100 70630
R122	4008 100 70530
R123	4008 100 70690
R124	4008 100 70660
R125	4008 100 70510
R126	4008 100 70510
R127	4008 100 70510
R128	4008 100 70510
R129	4008 100 70380
R13	4008 100 70630
R130	4008 100 70320
R131	4008 100 70320
R132	4008 100 70630
R133	4008 100 70630
R134	4008 100 70670
R135	4008 100 70630
R136	4008 100 70630
R14	4008 100 70650
R141	4008 100 70420
R142	4008 100 70210
R143	4008 100 70180
R144	4008 100 70750
R145	4008 100 70630
R146	2322 730 51225
R147	4008 100 70180
R148	4008 100 70670
R149	4008 100 70630
R15	4008 100 70650
R150	4008 100 70180
R151	4008 100 70750
R152	4008 100 70630			
R153	4008 100 70630			
R154	4008 100 70870			
R155	4008 100 70630			
R156	4008 100 70630			
R157	4008 100 70410			
R158	4008 100 70410			
R159	4008 100 70630			
R16	4008 100 70630			
R160	4008 100 70160			
R162	4008 100 70500			
R163	4008 100 70500			
R164	4008 100 70470			
R164	4008 100 70510			
R165	4008 100 70730			
R166	4008 100 70550			
R167	4008 100 70430
R168	4008 100 70750
R169	4008 100 70870
R17	4008 100 70630
R170	4008 100 70630
R171	4008 100 70730
R172	4008 100 70630
R173	4008 100 70550
R174	4008 100 70800
R175	4008 100 70510
R176	4008 100 70630
R177	4008 100 70440
R178	4008 100 70480
R179	4008 100 70210
R18	4008 100 70630
R181	4008 100 70290
R183	4008 100 70350
R184	4008 100 70410
R185	4008 100 70350
R186	4008 100 70630
R188	4008 100 70630
R189	4008 100 70960
R19	4008 100 70650
R190	4008 100 70180
R191	4008 100 70630
R192	4008 100 70640
R193	4008 100 70230
R194	4008 100 70490
R195	4008 100 70490
R196	4008 100 70630
R197	4008 100 70480
R198	4008 100 70480
R199	4008 100 70470
R2	4008 100 70630
R20	4008 100 70650
R200	4008 100 70510
R201	4008 100 70400
R202	4008 100 70210
R203	4008 100 70630
R204	4008 100 70490
R205	4008 100 70570
R206	4008 100 70570
R207	4008 100 70570
R208	4008 100 70880
R209	4008 100 70410
R21	4008 100 70650
R210	4008 100 70480
R211	4008 100 70790
R212	4008 100 70750
R213	4008 100 70410
R214	4008 100 70510
R215	4008 100 70490
R216	4008 100 70640
R217	4008 100 70630
R218	4008 100 70430
R219	4008 100 70670
R22	4008 100 70650
R220	4008 100 70670
R221	4008 100 70430
R222	4008 100 70690
R223	4008 100 70230
R225	4008 100 70630
R227	4008 100 70530
R23	4008 100 70210
R230	4008 100 70510
R231	4008 100 70510
R232	4008 100 70510
R233	4008 100 70510
R234	4008 100 70510
R235	4008 100 70530
R236	4008 100 70150
R237	4008 100 70150
R238	4008 100 70150
R239	4008 100 70150
R24	4008 100 70210
R240	4008 100 70150
R241	4008 100 70150
R242	4008 100 70150
R243	4008 100 70150
R244	4008 100 70150
R245	4008 100 70150
R246	4008 100 70150
R247	4008 100 70150
R248	4008 100 70150
R249	4008 100 70150
R25	4008 100 70630
R250	4008 100 70150
R251	4008 100 70150
R252	4008 100 70150
R253	4008 100 70510
R254	4008 100 70150
R255	4008 100 70630
R256	4008 100 70630
R257	4008 100 70630
R258	4008 100 70630
R26	4008 100 70750
R263	4008 100 70630
R264	4008 100 70410
R265	4008 100 70410
R266	4008 100 70630
R267	4008 100 70410
R268	4008 100 70880
R269	4008 100 70880
R27	4008 100 70650
R270	4008 100 70880
R271	4008 100 70880
R272	4008 100 70410
R273	4008 100 70410
R274	4008 100 70410
R275	4008 100 70410
R276	4008 100 70410
R277	4008 100 70410
R278	4008 100 70880
R279	4008 100 70410
R28	4008 100 70320
R280	4008 100 70410
R281	4008 100 70410
R282	4008 100 70630
R283	4008 100 70410
R284	4008 100 70470
R285	4008 100 70410
R287	4008 100 70230
R288	4008 100 70230
R289	4008 100 70410
R29	4008 100 70650
R290	4008 100 70380
R291	4008 100 70380
R292	4008 100 70230
R293	4008 100 70630
R294	4008 100 70410
R295	4008 100 70230
R296	4008 100 70410
R297	4008 100 70230
R298	4008 100 70410
R299	4008 100 70230
R3	4008 100 70320
R30	4008 100 70630
R301	4008 100 70230
R302	4008 100 70230
R303	4008 100 70240
R304	4008 100 70510
R305	4008 100 70230
R306	4008 100 70230
R307	4008 100 70350
R308	4008 100 70300
R309	4008 100 70510
R31	4008 100 70630
R310	4008 100 70510
R311	4008 100 70530
R312	4008 100 70570
R313	4008 100 70290
R314	4008 100 70460
R315	4008 100 70490
R316	4008 100 70510
R317	4008 100 70350
R318	4008 100 70530
R319	4008 100 70440
R32	4008 100 70320
R320	4008 100 70160
R321	4008 100 70510
R322	4008 100 70510
R323	4008 100 70410
R325	4008 100 70230
R326	4008 100 70970
R328	4008 100 70880
R329	4008 100 70210
R33	4008 100 70210
R330	4008 100 70410
R331	4008 100 70230
R332	4008 100 70880
R333	4008 100 70510
R334	4008 100 70410
R335	4008 100 70630
R337	4008 100 70510
R339	4008 100 70510
R34	4008 100 70210
R340	4008 100 70630
R341	4008 100 70630
R342	4008 100 70630
R343	4008 100 70630
R344	4008 100 70680
R345	4008 100 70680
R346	4008 100 70680
R347	4008 100 70410
R348	4008 100 70630
R349	4008 100 70410
R35	4008 100 70630
R350	4008 100 70640
R352	4008 100 70630
R353	4008 100 70630
R354	4008 100 70870
R355	4008 100 70630
R356	4008 100 70630
R357	4008 100 70630
R358	4008 100 70350
R36	4008 100 70650
R360	4008 100 70480
R361	4008 100 70480
R362	4008 100 70480
R365	4008 100 70630
R366	4008 100 70870
R367	4008 100 70410
R368	4008 100 70510
R369	4008 100 70510
R37	4008 100 70650
R370	4008 100 70510
R371	4008 100 70790
R372	4008 100 70750
R373	4008 100 70520
R374	4008 100 70800
R375	4008 100 70350
R376	4008 100 70870
R377	4008 100 70630
R378	4008 100 70620
R379	4008 100 70510
R38	4008 100 70570
R380	4008 100 70410
R39	4008 100 70550
R4	4008 100 70210
R40	4008 100 70650
R41	4008 100 70650
R42	4008 100 70650
R43	4008 100 70650
R44	4008 100 70630
R45	4008 100 70630
R46	4008 100 70650
R47	4008 100 70650
R48	4008 100 70650
R49	4008 100 70650
R5	4008 100 70210
R50	4008 100 70210
R51	4008 100 70210
R52	4008 100 70630
R53	4008 100 70750
R54	4008 100 70650
R55	4008 100 70320
R56	4008 100 70650
R57	4008 100 70630
R58	4008 100 70630
R59	4008 100 70870
R6	4008 100 70630
R60	4008 100 70490
R61	4008 100 70510
R62	4008 100 70490
R66	4008 100 70490
R67	4008 100 70630
R68	4008 100 70970
R69	4008 100 70400
R7	4008 100 70650
R70	4008 100 70400
R71	4008 100 70570
R72	4008 100 70520
R73	4008 100 70550
R74	4008 100 70630
R75	4008 100 70480
R76	4008 100 70630
R78	4008 100 70530							
R79	4008 100 70870							
R8	4008 100 70650							
R80	4008 100 70490							
R81	4008 100 70510							
R82	4008 100 70490							
R86	4008 100 70490							
R87	4008 100 70630							
R88	4008 100 70970							
R89	4008 100 70400							
R9	4008 100 70570							
R90	4008 100 70570							
R91	4008 100 70400							
R92	4008 100 70520							
R93	4008 100 70550							
R94	4008 100 70630							
R95	4008 100 70480			
R96	4008 100 70630			
R98	4008 100 70530			
R99	4008 100 70690			
RE001	4008 104 95680			
SP1	4008 100 70230			
SP2	4008 100 70230			
SP3	4008 100 70230			
SP4	4008 100 70230			
SW001	4008 104 80070			
TP18	4008 104 20010			
TP2	4008 104 20010			
TP27	4008 104 20010			
TP29	4008 104 20010			
TP3	4008 104 20010			
TP30	4008 104 20010			
TP31	4008 104 20010						
TP34	4008 104 20010						
TP35	4008 104 20010						
TP36	4008 104 20010						
TP4	4008 104 20010						
TP41	4008 104 20010						
TP56	4008 104 20010						
TP57	4008 104 20010						
TP58	4008 104 20010						
TP59	4008 104 20010						
TP9	4008 104 20010						
TR1	4008 100 12400						
V1	4008 002 04680						
V10	4008 002 07300						
V101	4008 002 07310						
V101	4008 102 20990						
V102	4008 102 20580
V103	4008 102 20580
V104	4008 102 20580
V105	4008 102 20590
V106	4008 102 20580
V108	4008 102 20730
V109	4008 102 20730
V11	4008 102 20870
V112	4008 102 20960
V113	4008 102 20400
V114	4008 102 20400
V115	4008 102 20350
V116	4008 102 21050
V117	4008 102 20970
V118	4008 102 20980
V119	4008 102 20350
V120	4008 102 20350
V121	4008 002 06260
V122	4008 002 04740
V123	4008 102 20350
V124	4008 102 21060
V125	4008 002 06250
V13	4008 102 20350
V14	4008 102 20350
V15	4008 102 20780
V16	4008 002 06250
V17	4008 102 20350
V18	4008 102 20350
V19	4008 002 06250
V2	4008 002 04680
V20	4008 002 04680
V21	4008 102 20350
V22	4008 102 20350
V23	4008 002 06250
V24	4008 002 04680
V25	4008 102 20780
V26	4008 102 21000
V27	4008 002 07230
V29	4008 102 21010
V3	4008 002 04680
V30	4008 102 21010
V31	4008 002 07240
V33	4008 102 21000
V34	4008 002 07230
V36	4008 102 21010
V37	4008 102 21010
V38	4008 002 07240
V4	4008 102 21040
V40	4008 102 21000						
V41	4008 002 07230						
V43	4008 102 21010						
V44	4008 102 21010						
V45	4008 002 07240						
V48	4008 002 07270						
V48	4008 102 20860						
V49	4008 002 04960						
V5	4008 102 21050						
V50	4008 102 20590						
V51	4008 102 20590						
V53	4008 002 07250						
V54	4008 002 04680						
V55	4008 002 04670						
V57	4008 102 20400						
V58	9337 140 00112						
V59	4008 002 04740						
V60	4008 002 04680						
V61	4008 002 07260						
V61	4008 102 20860						
V62	4008 102 20510						
V63	4008 002 04960						
V65	4008 102 20590						
V66	4008 102 20590						
V67	4008 102 20510						
V68	4008 002 07250						
V7	4008 002 07290						
V70	4008 102 20840						
V70	4008 105 91470						
V72	4008 102 20850						
V73	4008 002 04680						
V74	4008 102 20910						
V75	9337 148 40112
V76	4008 002 04680
V77	4008 102 20350
V78	9337 140 00112
V79	4008 002 06300
V8	4008 102 20790
V80	9339 799 90682
V81	4008 102 20590
V82	4008 102 21030
V83	4008 102 21020
V85	4008 102 20720
V86	4008 002 04960
V87	4008 102 20590
V88	4008 102 20590
V89	4008 002 07280
V89	4008 102 20860
V90	4008 002 07250
V92	4008 102 20570
V93	4008 002 04680
V94	4008 002 06250
V95	9337 148 40112
V96	4008 102 20350
V97	4008 002 06250
V98	4008 102 20880
V99	4008 002 04680
X1	4008 103 56170
X11	4008 103 56180
X13	4008 103 66210
X14	4008 103 56180
X15	4008 103 56170
X2	4008 103 56170
X3	4008 103 56170
X4	4008 103 66210						
X5	4008 103 66930						
X6	4008 103 66930						
X9	4008 103 60260						
XT001	4008 103 01740						
XT002	4008 103 01840						
XT003	4008 103 01810						
XT004	4008 103 01740						
XT005	4008 103 01760						
XT006	4008 103 01740						
XT8	4008 103 01890						
							
							
							
							
							

							
							
							
							
							
							

							
							
							
							

							
							
							
							
							
							
							
							
							
							
							
							
							
							
							
							
							








































							
							
							
							
							
							
							
							
							
							
							
							
							
							
							
							
							
							
							
							
							
							
							
							
							
							
							
							
							
							
							
							
							
							
							
							
							
							
							
							
							
							
					
					
					
					
					
					
					
					
					







































































































































































































































































































































































































































































































































































































































































































































































































































































































































































































































































