 382.0, 0.264,050.59,009.70,026.40,-15.0
 388.0, 0.498,140.82,009.70,026.71,-15.0
 398.0, 0.612,193.82,009.73,027.07,-15.0
 404.0, 1.858,00707,009.81,027.59,-15.0
 412.0, 2.506,01014,009.96,027.80,-15.0
 421.0, 3.052,01310,012.43,028.92,-15.0
 428.0, 3.496,01576,013.39,029.14,-15.0
 435.0, 3.900,01831,015.98,029.31,-15.0
 444.0, 4.999,02495,019.26,029.63,-15.0
 451.0, 5.502,02868,018.36,030.05,-15.0
 456.0, 4.339,02318,015.83,029.50,-15.0
 462.0, 6.624,03631,017.04,030.21,-15.0
 470.0, 7.384,04207,017.68,030.01,-15.0
 478.0, 7.749,04547,019.21,029.70,-15.0
 487.0, 7.731,04663,021.80,029.35,-15.0
 494.0, 9.985,06244,028.38,029.55,-15.0
 504.0, 8.455,05406,027.21,029.18,-15.0
 514.0, 9.687,06429,027.64,029.18,-15.0
 520.0,11.650,07878,029.18,029.48,-15.0
 526.0,10.191,06983,025.76,029.47,-15.0
 532.0,10.391,07290,024.65,029.55,-15.0
 539.0,12.600,09077,025.54,029.91,-15.0
 548.0, 9.650,07100,020.80,029.28,-15.0
 555.0,14.478,10942,023.05,029.88,-15.0
 563.0,16.050,12351,022.98,029.85,-15.0
 570.0,13.074,10206,020.45,029.42,-15.0
 576.0,17.878,14248,023.73,029.95,-15.0
 584.0,15.815,12677,022.69,029.84,-15.0
 590.0,12.833,10410,020.73,029.58,-15.0
 597.0,18.810,15416,024.30,030.39,-15.0
 605.0, 9.943,08260,017.73,029.53,-15.0
 611.0, 9.956,08364,017.16,029.60,-15.0
 616.0,11.975,10213,017.79,029.87,-15.0
 627.0,11.973,10385,016.88,030.32,-15.0
 634.0,11.988,10376,016.13,030.84,-15.0
 644.0,10.421,09230,014.77,031.39,-15.0
 651.0,11.981,10712,014.33,033.21,-15.0
 660.0,10.570,09574,013.46,034.34,-15.0
 666.0,10.701,09895,013.21,035.99,-15.0
 672.0,10.769,10049,013.02,037.43,-15.0
 678.0,12.129,11368,013.02,039.35,-15.0
 688.0, 8.879,08427,012.62,036.28,-15.0
 695.0, 5.329,05249,012.37,032.78,-15.0
 704.0, 9.584,09333,012.73,035.47,-15.0
 708.0, 9.803,09617,012.82,035.30,-15.0
 714.0, 5.819,05874,012.53,032.42,-15.0
 721.0, 8.363,08393,013.15,034.08,-15.0
 728.0, 6.256,06300,013.29,032.73,-15.0
 734.0, 4.639,04707,013.79,031.68,-15.0
 742.0, 6.730,06885,017.53,033.54,-15.0
 747.0, 4.468,04617,017.00,031.83,-15.0
 757.0, 4.072,04210,016.71,031.86,-15.0
