 382.0, 0.133,000.48,000.79,000.00,-15.0
 388.0, 0.381,000.26,000.61,000.16,-15.0
 398.0, 0.511,000.96,000.00,000.73,-15.0
 404.0, 1.749,007.50,000.30,013.74,-15.0
 412.0, 2.387,012.39,000.54,051.95,-15.0
 421.0, 2.949,024.73,000.88,128.44,-15.0
 429.0, 3.361,034.24,001.43,187.16,-15.0
 435.0, 3.768,041.53,002.91,253.02,-15.0
 444.0, 4.776,047.87,009.28,00395,-15.0
 451.0, 5.396,050.66,019.56,00462,-15.0
 456.0, 4.224,044.24,024.13,00370,-15.0
 462.0, 6.529,077.68,071.66,00540,-15.0
 470.0, 7.246,068.95,131.19,00501,-15.0
 478.0, 7.561,030.86,172.36,00390,-15.0
 487.0, 7.611,007.92,188.81,00274,-15.0
 494.0, 9.798,009.40,00272,00256,-15.0
 504.0, 8.278,016.57,00287,133.14,-15.0
 514.0, 9.489,050.48,00418,082.02,-15.0
 520.0,11.485,107.63,00561,072.19,-15.0
 526.0,10.042,149.26,00536,042.77,-15.0
 532.0,10.294,210.56,00583,025.40,-15.0
 539.0,12.399,00325,00731,014.10,-15.0
 548.0, 9.467,00311,00570,005.19,-15.0
 555.0,14.269,00565,00843,004.46,-15.0
 563.0,15.727,00679,00905,003.12,-15.0
 570.0,12.908,00563,00685,001.72,-15.0
 576.0,17.678,00761,00839,001.99,-15.0
 584.0,15.561,00653,00595,001.35,-15.0
 590.0,12.767,00508,00407,000.92,-15.0
 597.0,18.658,00660,00481,001.38,-15.0
 605.0, 9.800,00275,191.35,000.50,-15.0
 611.0, 9.858,223.55,157.16,000.53,-15.0
 616.0,11.866,223.96,159.02,000.66,-15.0
 627.0,11.807,144.39,099.79,000.66,-15.0
 634.0,11.828,100.52,064.05,000.61,-15.0
 644.0,10.295,052.47,028.52,000.51,-15.0
 651.0,11.893,035.71,016.97,000.52,-15.0
 660.0,10.464,017.31,007.68,000.32,-15.0
 666.0,10.688,011.07,004.94,000.26,-15.0
 672.0,10.798,006.42,003.07,000.15,-15.0
 678.0,11.996,003.86,002.03,000.11,-15.0
 688.0, 8.784,001.09,000.62,000.00,-15.0
 695.0, 5.403,000.22,000.03,000.00,-15.0
 704.0, 9.479,000.14,000.00,000.00,-15.0
 708.0, 9.706,000.00,000.00,000.00,-15.0
 714.0, 5.844,000.00,000.00,000.00,-15.0
 721.0, 8.311,000.00,000.00,000.00,-15.0
 728.0, 6.189,000.00,000.00,000.00,-15.0
 734.0, 4.576,000.00,000.00,000.00,-15.0
 742.0, 6.672,000.00,000.00,000.00,-15.0
 747.0, 4.421,000.00,000.00,000.00,-15.0
 757.0, 4.036,000.00,000.00,000.00,-15.0
