 382.0, 0.245,000.80,001.21,000.00,-15.0
 388.0, 0.474,000.54,001.24,000.27,-15.0
 398.0, 0.594,001.65,000.16,001.25,-15.0
 404.0, 1.843,012.30,000.68,021.54,-15.0
 412.0, 2.503,019.25,000.91,079.39,-15.0
 421.0, 3.057,036.64,001.36,188.83,-15.0
 428.0, 3.502,049.68,002.09,00270,-15.0
 435.0, 3.911,058.81,004.12,00357,-15.0
 444.0, 5.014,065.58,012.52,00539,-15.0
 451.0, 5.521,068.13,025.95,00622,-15.0
 456.0, 4.351,058.63,031.86,00493,-15.0
 462.0, 6.652,100.92,092.35,00702,-15.0
 470.0, 7.416,088.78,166.47,00645,-15.0
 478.0, 7.784,039.64,214.88,00494,-15.0
 487.0, 7.770,009.92,230.27,00340,-15.0
 494.0,10.031,011.58,00331,00316,-15.0
 504.0, 8.493,019.99,00345,162.00,-15.0
 514.0, 9.727,060.56,00500,099.09,-15.0
 520.0,11.704,127.66,00668,087.61,-15.0
 526.0,10.237,178.09,00641,051.86,-15.0
 532.0,10.430,254.64,00699,030.79,-15.0
 539.0,12.651,00400,00895,017.63,-15.0
 548.0, 9.687,00391,00708,006.61,-15.0
 555.0,14.534,00735,01082,005.82,-15.0
 563.0,16.118,00911,01198,004.14,-15.0
 570.0,13.129,00788,00942,002.48,-15.0
 576.0,17.909,01118,01206,002.93,-15.0
 584.0,15.868,01027,00907,002.23,-15.0
 590.0,12.889,00839,00653,001.69,-15.0
 597.0,18.895,01163,00822,002.52,-15.0
 605.0, 9.973,00535,00362,001.32,-15.0
 611.0, 9.997,00465,00318,001.39,-15.0
 616.0,12.004,00500,00345,001.71,-15.0
 627.0,11.997,00373,251.04,001.92,-15.0
 634.0,12.028,00291,179.64,002.23,-15.0
 644.0,10.449,179.97,095.01,002.23,-15.0
 651.0,12.022,142.17,065.80,002.70,-15.0
 660.0,10.603,079.36,034.77,002.30,-15.0
 666.0,10.828,056.87,025.51,002.13,-15.0
 672.0,10.894,037.69,018.38,001.82,-15.0
 678.0,12.173,025.62,014.34,001.60,-15.0
 688.0, 8.907,009.43,006.46,000.75,-15.0
 695.0, 5.478,003.14,002.32,000.34,-15.0
 704.0, 9.612,002.81,002.07,000.46,-15.0
 708.0, 9.834,002.26,001.56,000.41,-15.0
 714.0, 5.929,000.87,000.45,000.05,-15.0
 721.0, 8.385,000.91,000.36,000.14,-15.0
 728.0, 6.273,000.46,000.04,000.10,-15.0
 734.0, 4.649,000.25,000.00,000.00,-15.0
 742.0, 6.699,000.32,000.00,000.00,-15.0
 747.0, 4.475,000.17,000.00,000.00,-15.0
 757.0, 4.094,000.13,000.00,000.00,-15.0
