 382.0, 0.258,000.67,000.96,000.00,-15.0
 388.0, 0.492,000.45,000.97,000.24,-15.0
 398.0, 0.610,001.37,000.13,000.89,-15.0
 404.0, 1.867,009.89,000.51,017.25,-15.0
 412.0, 2.504,015.51,000.73,063.27,-15.0
 421.0, 3.053,029.34,001.06,150.57,-15.0
 428.0, 3.495,039.70,001.67,215.55,-15.0
 435.0, 3.901,046.82,003.27,00285,-15.0
 444.0, 5.057,052.69,010.05,00434,-15.0
 451.0, 5.570,055.25,020.92,00503,-15.0
 456.0, 4.390,047.51,025.56,00398,-15.0
 462.0, 6.703,081.17,073.92,00569,-15.0
 470.0, 7.470,070.70,134.05,00522,-15.0
 478.0, 7.839,031.53,171.96,00401,-15.0
 487.0, 7.810,007.96,184.00,00276,-15.0
 494.0,10.092,009.52,00265,00258,-15.0
 504.0, 8.549,016.60,00276,131.80,-15.0
 514.0, 9.789,050.50,00400,080.66,-15.0
 520.0,11.773,105.37,00536,071.88,-15.0
 526.0,10.301,147.17,00512,042.45,-15.0
 532.0,10.496,209.14,00561,025.36,-15.0
 539.0,12.728,00329,00718,014.53,-15.0
 548.0, 9.747,00321,00569,005.52,-15.0
 555.0,14.534,00606,00868,004.86,-15.0
 563.0,16.199,00748,00961,003.53,-15.0
 570.0,13.203,00645,00753,002.07,-15.0
 576.0,18.046,00918,00970,002.49,-15.0
 584.0,15.815,00841,00725,001.82,-15.0
 590.0,12.954,00686,00523,001.45,-15.0
 597.0,18.989,00946,00656,002.11,-15.0
 605.0,10.027,00435,00289,001.05,-15.0
 611.0,10.050,00378,254.29,001.07,-15.0
 616.0,12.077,00407,00277,001.48,-15.0
 627.0,12.076,00303,201.16,001.68,-15.0
 634.0,12.087,234.54,142.95,001.89,-15.0
 644.0,10.505,145.27,075.62,001.88,-15.0
 651.0,12.083,113.98,052.27,002.37,-15.0
 660.0,10.657,063.14,027.45,002.00,-15.0
 666.0,10.876,045.12,020.14,001.77,-15.0
 672.0,10.944,030.11,014.60,001.54,-15.0
 678.0,12.229,020.36,011.36,001.41,-15.0
 688.0, 8.949,007.54,005.11,000.67,-15.0
 695.0, 5.507,002.54,001.80,000.27,-15.0
 704.0, 9.647,002.21,001.63,000.42,-15.0
 708.0, 9.876,001.79,001.21,000.43,-15.0
 714.0, 5.956,000.69,000.35,000.13,-15.0
 721.0, 8.420,000.70,000.23,000.22,-15.0
 728.0, 6.303,000.37,000.00,000.11,-15.0
 734.0, 4.671,000.20,000.00,000.02,-15.0
 742.0, 6.781,000.25,000.00,000.05,-15.0
 747.0, 4.500,000.12,000.00,000.00,-15.0
 757.0, 4.115,000.12,000.00,000.00,-15.0
