 382.0, 0.116,000.84,001.07,000.15,25.0
 388.0, 0.337,000.70,000.08,000.70,25.0
 398.0, 0.444,001.14,000.10,003.23,25.0
 404.0, 1.606,005.59,000.31,039.97,25.0
 412.0, 2.222,018.77,000.68,122.28,25.0
 421.0, 2.747,035.84,001.62,250.86,25.0
 428.0, 3.125,053.74,002.69,331.61,25.0
 435.0, 3.561,082.80,004.49,411.07,25.0
 444.0, 4.635,122.72,010.94,575.02,25.0
 451.0, 5.000,121.68,017.90,616.27,25.0
 456.0, 3.938,080.60,018.30,454.05,25.0
 462.0, 6.104,099.16,033.93,580.36,25.0
 470.0, 6.888,099.36,045.76,467.62,25.0
 478.0, 7.297,091.08,072.54,358.14,25.0
 487.0, 7.076,048.28,115.79,246.84,25.0
 494.0, 9.432,025.14,218.79,230.75,25.0
 504.0, 8.168,014.27,266.70,121.83,25.0
 514.0, 9.282,026.69,484.09,069.19,25.0
 520.0,11.116,053.65,694.43,054.70,25.0
 526.0, 9.813,083.38,686.07,028.48,25.0
 532.0, 9.890,147.91,747.21,016.14,25.0
 539.0,12.064,288.96,932.09,009.53,25.0
 548.0, 9.401,304.38,734.76,004.84,25.0
 555.0,14.113,623.78,1102.1,005.88,25.0
 563.0,15.821,871.70,1247.4,006.09,25.0
 570.0,12.884,803.91,975.19,005.10,25.0
 576.0,17.719,1173.0,1248.2,007.97,25.0
 584.0,15.697,1104.6,951.56,009.97,25.0
 590.0,12.695,927.70,702.21,010.42,25.0
 597.0,18.589,1385.2,909.73,018.95,25.0
 605.0, 9.874,720.84,414.89,010.94,25.0
 611.0, 9.830,677.17,358.22,010.49,25.0
 616.0,11.961,763.99,376.64,011.95,25.0
 627.0,12.058,623.92,248.20,009.97,25.0
 634.0,11.820,495.63,165.52,008.26,25.0
 644.0,10.357,323.08,090.66,005.83,25.0
 651.0,11.802,261.12,067.65,005.31,25.0
 660.0,10.721,152.64,037.86,003.76,25.0
 666.0,10.914,110.42,026.72,003.15,25.0
 672.0,11.137,074.05,017.43,002.51,25.0
 678.0,12.118,051.96,012.20,002.21,25.0
 688.0, 9.035,021.05,005.18,001.29,25.0
 695.0, 5.417,007.21,001.97,000.65,25.0
 704.0, 9.681,006.38,002.00,000.91,25.0
 708.0, 9.904,004.98,001.60,000.85,25.0
 714.0, 5.904,001.87,000.64,000.46,25.0
 721.0, 8.270,001.60,000.55,000.54,25.0
 728.0, 6.281,000.78,000.26,000.40,25.0
 734.0, 4.710,000.42,000.14,000.27,25.0
 742.0, 6.863,000.42,000.13,000.30,25.0
 747.0, 4.615,000.24,000.09,000.21,25.0
 757.0, 4.153,000.17,000.07,000.18,25.0
 798.0,27.301,000.97,000.52,000.80,25.0
 826.0,37.380,002.87,002.54,001.68,25.0
 851.0,33.818,004.62,003.66,002.67,25.0
