 14 , 0 , 0 , 0 , 1 , 0 , 0 , 0 
 1 , 0 , 0 , 0 , 1 , 0 , 0 , 0 
 1 , 73.51999664306641 , 0 , 0 , 1 , 0 , 0 , 0 
 1 , 351.5979919433594 , 0 , 0 , 1 , 0 , 0 , 0 
 1 , 626.4840087890625 , 0 , 0 , 1 , 0 , 0 , 0 
 1 , 700 , 0 , 0 , 1 , 0 , 0 , 0 
 81 , 700 , 0 , 0 , 1 , 0 , 0 , 0 
 1 , 700 ,-28.125 , 3.125 , 1 , 0 , 0 , 0 
 1 , 674.4299926757812 ,-28.125 , 3.125 , 1 , 0 , 0 , 0 
 1 , 581.7349853515625 ,-131.25 , 21.875 , 1 , 0 , 0 , 0 
 1 , 489.0400085449219 ,-131.25 , 21.875 , 1 , 0 , 0 , 0 
 1 , 466.6669921875 ,-234.375 , 37.5 , 1 , 0 , 0 , 0 
 1 , 466.6669921875 ,-234.375 , 37.5 , 1 , 0 , 0 , 0 
 78 , 466.6669921875 ,-262.5 , 43.75 , 1 , 0 , 0 , 0 
 2 , 466.6669921875 ,-262.5 , 40.625 , 1 , 0 , 0 , 0 
 1 , 463.4700012207031 ,-225 , 12.5 , 1 , 0 , 0 , 0 
 1 , 453.8800048828125 ,-225 , 12.5 , 1 , 0 , 0 , 0 
 1 , 415.5249938964844 ,-87.5 ,-109.375 , 1 , 0 , 0 , 0 
 1 , 377.1690063476562 ,-87.5 ,-109.375 , 1 , 0 , 0 , 0 
 1 , 367.5799865722656 , 53.125 ,-231.25 , 1 , 0 , 0 , 0 
 1 , 367.5799865722656 , 53.125 ,-231.25 , 1 , 0 , 0 , 0 
 80 , 367.5799865722656 , 87.5 ,-262.5 , 1 , 0 , 0 , 0 
 1 , 367.5799865722656 , 62.5 ,-259.375 , 1 , 0 , 0 , 0 
 1 , 361.4869995117188 , 62.5 ,-259.375 , 1 , 0 , 0 , 0 
 1 , 338.8099975585938 ,-43.75 ,-240.625 , 1 , 0 , 0 , 0 
 1 , 313.239990234375 ,-43.75 ,-240.625 , 1 , 0 , 0 , 0 
 1 , 306.8500061035156 ,-146.875 ,-225 , 1 , 0 , 0 , 0 
 1 , 306.8500061035156 ,-146.875 ,-225 , 1 , 0 , 0 , 0 
 2 , 306.8500061035156 ,-171.875 ,-218.75 , 1 , 0 , 0 , 0 
 76 , 306.8500061035156 ,-175 ,-218.75 , 1 , 0 , 0 , 0 
 2 , 306.8500061035156 ,-171.875 ,-218.75 , 1 , 0 , 0 , 0 
 1 , 306.8500061035156 ,-137.5 ,-175 , 1 , 0 , 0 , 0 
 1 , 297.260009765625 ,-137.5 ,-175 , 1 , 0 , 0 , 0 
 1 , 262.1000061035156 , 0 , 0 , 1 , 0 , 0 , 0 
 1 , 226.9400024414062 , 0 , 0 , 1 , 0 , 0 , 0 
 2 , 217.3500061035156 , 137.5 , 175 , 1 , 0 , 0 , 0 
 2 , 217.3500061035156 , 171.875 , 218.75 , 1 , 0 , 0 , 0 
 76 , 217.3500061035156 , 175 , 218.75 , 1 , 0 , 0 , 0 
 1 , 217.3500061035156 , 171.875 , 218.75 , 1 , 0 , 0 , 0 
 1 , 217.3500061035156 , 171.875 , 218.75 , 1 , 0 , 0 , 0 
 1 , 217.3500061035156 , 146.875 , 225 , 1 , 0 , 0 , 0 
 1 , 210.9600067138672 , 146.875 , 225 , 1 , 0 , 0 , 0 
 1 , 185.3880004882812 , 43.75 , 240.625 , 1 , 0 , 0 , 0 
 1 , 163.0140075683594 , 43.75 , 240.625 , 1 , 0 , 0 , 0 
 2 , 156.6199951171875 ,-62.5 , 259.375 , 1 , 0 , 0 , 0 
 2 , 156.6199951171875 ,-87.5 , 262.5 , 1 , 0 , 0 , 0 
 76 , 156.6199951171875 ,-87.5 , 262.5 , 1 , 0 , 0 , 0 
 1 , 156.6199951171875 ,-87.5 , 262.5 , 1 , 0 , 0 , 0 
 1 , 156.6199951171875 ,-87.5 , 262.5 , 1 , 0 , 0 , 0 
 1 , 156.6199951171875 ,-53.125 , 231.25 , 1 , 0 , 0 , 0 
 1 , 147.0299987792969 ,-53.125 , 231.25 , 1 , 0 , 0 , 0 
 1 , 108.6750030517578 , 87.5 , 109.375 , 1 , 0 , 0 , 0 
 1 , 70.31900024414062 , 87.5 , 109.375 , 1 , 0 , 0 , 0 
 2 , 60.72999954223633 , 225 ,-12.5 , 1 , 0 , 0 , 0 
 2 , 60.72999954223633 , 262.5 ,-40.625 , 1 , 0 , 0 , 0 
 76 , 60.72999954223633 , 262.5 ,-43.75 , 1 , 0 , 0 , 0 
 2 , 60.72999954223633 , 262.5 ,-43.75 , 1 , 0 , 0 , 0 
 1 , 60.72999954223633 , 234.375 ,-37.5 , 1 , 0 , 0 , 0 
 1 , 54.3380012512207 , 234.375 ,-37.5 , 1 , 0 , 0 , 0 
 1 , 28.76700019836426 , 131.25 ,-21.875 , 1 , 0 , 0 , 0 
 1 , 6.39300012588501 , 131.25 ,-21.875 , 1 , 0 , 0 , 0 
 2 , 0 , 28.125 ,-3.125 , 1 , 0 , 0 , 0 
 2 , 0 , 0 , 0 , 1 , 0 , 0 , 0 
 96 , 0 , 0 , 0 , 1 , 0 , 0 , 0 
 144 , 0 , 0 , 0 , 1 , 0 , 0 , 0 
 0 , 0 , 0 , 0 , 0 , 0 , 0 , 0 
 11 , 0 , 0 , 0 , 1 , 0 , 0 , 0 
 86 , 700 , 0 , 0 , 1 , 0 , 1.500000053056283E-007 , 3.000000106112566E-007 
 88 , 465.1500244140625 ,-262.5 , 42.69800186157227 , 1 , 0 , 1.500000053056283E-007 , 3.000000106112566E-007 
 88 , 368.02001953125 , 88.60399627685547 ,-262.5 , 1 , 0 , 1.500000053056283E-007 , 3.000000106112566E-007 
 88 , 308.1749877929688 ,-173.9149932861328 ,-219.8099975585938 , 1 , 0 , 1.500000053056283E-007 , 3.000000106112566E-007 
 88 , 216.8249969482422 , 173.9149932861328 , 219.8099975585938 , 1 , 0 , 1.500000053056283E-007 , 3.000000106112566E-007 
 88 , 157 ,-88.60399627685547 , 262.5 , 1 , 0 , 1.500000053056283E-007 , 3.000000106112566E-007 
 88 , 59.90000152587891 , 262.5 ,-42.69800186157227 , 1 , 0 , 1.500000053056283E-007 , 3.000000106112566E-007 
 88 , 0 , 0 , 0 , 1 , 0 , 1.500000053056283E-007 , 3.000000106112566E-007 
 7 , 0 , 0 , 0 , 1 , 0 , 1.500000053056283E-007 , 3.000000106112566E-007 
 144 , 0 , 0 , 0 , 1 , 0 , 1.500000053056283E-007 , 3.000000106112566E-007 
 0 , 0 , 0 , 0 , 0 , 0 , 0 , 0 
 6 , 0 , 0 , 0 , 1 , 0 , 0 , 0 
 102 , 525 , 0 , 0 , 1 , 0 , 1.399999973727972E-007 , 3.000099866312667E-007 
 101 , 465.2000122070312 ,-262.5 , 42.69800186157227 , 1 , 0 , 2.499999993688107E-007 , 3.000099866312667E-007 
 101 , 368.2000122070312 , 88.60399627685547 ,-262.5 , 1 , 0 , 2.499999993688107E-007 , 3.000099866312667E-007 
 101 , 308.2000122070312 ,-173.8880004882812 ,-219.8099975585938 , 1 , 0 , 2.499999993688107E-007 , 3.000099866312667E-007 
 101 , 216.8000030517578 , 173.8880004882812 , 219.8099975585938 , 1 , 0 , 2.499999993688107E-007 , 3.000099866312667E-007 
 101 , 157 ,-88.60399627685547 , 262.5 , 1 , 0 , 2.499999993688107E-007 , 3.000099866312667E-007 
 103 , 59.90000152587891 , 262.5 ,-42.69800186157227 , 1 , 0 , 2.499999993688107E-007 , 3.000099866312667E-007 
 4 , 0 , 0 , 0 , 1 , 0 , 1.399999973727972E-007 , 3.000099866312667E-007 
 144 , 0 , 0 , 0 , 1 , 0 , 0 , 0 
 0 , 0 , 0 , 0 , 0 , 0 , 0 , 0 
 6 , 0 , 0 , 0 , 1 , 0 , 0 , 0 
 102 , 59.90000152587891 , 262.5 ,-42.69800186157227 , 1 , 0 , 2.499999993688107E-007 , 3.000099866312667E-007 
 101 , 0 , 0 , 0 , 1 , 0 , 2.499999993688107E-007 , 3.000099866312667E-007 
 101 , 216.8000030517578 , 173.8880004882812 , 219.8099975585938 , 1 , 0 , 2.499999993688107E-007 , 3.000099866312667E-007 
 101 , 0 , 0 , 0 , 1 , 0 , 2.499999993688107E-007 , 3.000099866312667E-007 
 101 , 368.2000122070312 , 88.60399627685547 ,-262.5 , 1 , 0 , 2.499999993688107E-007 , 3.000099866312667E-007 
 101 , 0 , 0 , 0 , 1 , 0 , 2.499999993688107E-007 , 3.000099866312667E-007 
 103 , 525 , 0 , 0 , 1 , 0 , 2.499999993688107E-007 , 3.000099866312667E-007 
 4 , 0 , 0 , 0 , 1 , 0 , 1.399999973727972E-007 , 3.000099866312667E-007 
 144 , 0 , 0 , 0 , 1 , 0 , 2.499999993688107E-007 , 3.000099866312667E-007 
 0 , 0 , 0 , 0 , 0 , 0 , 0 , 0 
 6 , 0 , 0 , 0 , 1 , 0 , 0 , 0 
 125 , 0 , 94.52989959716797 ,-103.2024002075195 , 1 , 0 , 1.399999973727972E-007 , 3.000099866312667E-007 
 127 , 700 , 0 , 0 , 1 , 0 , 2.499999993688107E-007 , 3.000099866312667E-007 
 127 , 0 , 145.5632934570312 , 67.02050018310547 , 1 , 0 , 2.499999993688107E-007 , 3.000099866312667E-007 
 127 , 0 , 0 , 0 , 1 , 0 , 2.499999993688107E-007 , 3.000099866312667E-007 
 33 ,-28 , 0 , 0 , 1 , 0 , 2.499999993688107E-007 , 3.000099866312667E-007 
 35 , 0 , 0 , 0 , 1 , 0 , 2.499999993688107E-007 , 3.000099866312667E-007 
 33 , 28 , 0 , 0 , 1 , 0 , 2.499999993688107E-007 , 3.000099866312667E-007 
 103 , 0 , 0 , 0 , 1 , 0 , 2.499999993688107E-007 , 3.000099866312667E-007 
 4 , 0 , 0 , 0 , 1 , 0 , 1.399999973727972E-007 , 3.000099866312667E-007 
 144 , 0 , 0 , 0 , 1 , 0 , 2.499999993688107E-007 , 3.000099866312667E-007 
 0 , 0 , 0 , 0 , 0 , 0 , 0 , 0 
 11 , 0 , 0 , 0 , 1 , 0 , 0 , 0 
 86 , 700 , 0 , 0 , 1 , 0 , 1.500000053056283E-007 , 3.000000106112566E-007 
 88 , 620.2000122070312 ,-350 , 56.91799926757812 , 1 , 0 , 1.500000053056283E-007 , 3.000000106112566E-007 
 88 , 490.7000122070312 , 118.1159973144531 ,-350 , 1 , 0 , 1.500000053056283E-007 , 3.000000106112566E-007 
 88 , 410.8999938964844 ,-231.8860015869141 ,-293.0799865722656 , 1 , 0 , 1.500000053056283E-007 , 3.000000106112566E-007 
 88 , 289.1000061035156 , 231.8860015869141 , 293.0799865722656 , 1 , 0 , 1.500000053056283E-007 , 3.000000106112566E-007 
 88 , 209.3000030517578 ,-118.1159973144531 , 350 , 1 , 0 , 1.500000053056283E-007 , 3.000000106112566E-007 
 88 , 79.80000305175781 , 350 ,-56.91799926757812 , 1 , 0 , 1.500000053056283E-007 , 3.000000106112566E-007 
 88 , 0 , 0 , 0 , 1 , 0 , 1.500000053056283E-007 , 3.000000106112566E-007 
 7 , 0 , 0 , 0 , 1 , 0 , 1.500000053056283E-007 , 3.000000106112566E-007 
 144 , 0 , 0 , 0 , 1 , 0 , 1.500000053056283E-007 , 3.000000106112566E-007 
 0 , 0 , 0 , 0 , 0 , 0 , 0 , 0 
 11 , 0 , 0 , 0 , 1 , 0 , 0 , 0 
 702 , 525 , 0 , 0 , 1 , 0 , 2.000000023372195E-007 , 0 
 7 , 0 , 0 , 0 , 1 , 0 , 2.000000023372195E-007 , 0 
 144 , 0 , 0 , 0 , 1 , 0 , 2.000000023372195E-007 , 0 
 0 , 0 , 0 , 0 , 0 , 0 , 0 , 0 
 11 , 0 , 0 , 0 , 1 , 0 , 0 , 0 
 702 , 157 ,-88.60399627685547 , 262.5 , 1 , 0 , 2.000000023372195E-007 , 2.749999907791789E-007 
 7 , 0 , 0 , 0 , 1 , 0 , 2.000000023372195E-007 , 2.749999907791789E-007 
 144 , 0 , 0 , 0 , 1 , 0 , 0 , 0 
 0 , 0 , 0 , 0 , 0 , 0 , 0 , 0 
 6 , 0 , 0 , 0 , 1 , 0 , 0 , 0 
 710 , 157 ,-88.60399627685547 , 262.5 , 1 , 0 , 1.399999973727972E-007 , 3.000000106112566E-007 
 4 , 0 , 0 , 0 , 1 , 0 , 1.399999973727972E-007 , 3.000000106112566E-007 
 144 , 0 , 0 , 0 , 1 , 0 , 0 , 0 
 0 , 0 , 0 , 0 , 0 , 0 , 0 , 0 
 20 , 0 , 0 , 0 , 1 , 0 , 0 , 0 
 40 , 0 , 210 , 210 , 1 , 0 , 0 , 2.749999907791789E-007 
 40 , 0 ,-210 ,-210 , 1 , 0 , 0 , 2.749999907791789E-007 
 40 , 0 , 0 , 0 , 1 , 0 , 0 , 2.749999907791789E-007 
 135 , 0 , 420 , 420 , 2 , 500000 , 0 , 0 
 30 , 0 , 0 , 0 , 1 , 0 , 0 , 0 
 81 , 0 , 420 , 420 , 2 , 1000000 , 0 , 0 
 30 , 0 , 0 , 0 , 1 , 0 , 0 , 0 
 74 , 0 , 420 , 420 , 2 , 1500000 , 3.000000106112566E-007 , 3.000000106112566E-007 
 30 , 0 , 0 , 0 , 1 , 0 , 0 , 0 
 76 , 0 , 420 , 420 , 2 , 2000000 , 3.499999934319931E-007 , 3.499999934319931E-007 
 30 , 0 , 0 , 0 , 1 , 0 , 0 , 0 
 77 , 0 , 420 , 420 , 2 , 2500000 , 3.499999934319931E-007 , 3.499999934319931E-007 
 14 , 0 , 0 , 0 , 1 , 0 , 0 , 0 
 144 , 0 , 0 , 0 , 1 , 0 , 0 , 0 
 0 , 0 , 0 , 0 , 0 , 0 , 0 , 0 
 10 , 0 , 0 , 0 , 1 , 0 , 0 , 0 
 20 , 0 , 0 , 0 , 1 , 0 , 2.000000023372195E-007 , 2.000000023372195E-007 
 54 , 560 , 0 , 0 , 1 , 0 , 2.000000023372195E-007 , 2.000000023372195E-007 
 54 , 140 , 0 , 0 , 1 , 0 , 2.000000023372195E-007 , 2.000000023372195E-007 
 57 , 350 , 0 , 0 , 1 , 0 , 2.000000023372195E-007 , 2.000000023372195E-007 
 54 , 420 , 0 , 0 , 2 , 500000 , 3.000000106112566E-007 , 3.000000106112566E-007 
 26 , 350 , 0 , 0 , 1 , 0 , 0 , 0 
 68 , 420 , 0 , 0 , 2 , 1000000 , 3.000000106112566E-007 , 3.000000106112566E-007 
 11 , 350 , 0 , 0 , 1 , 0 , 0 , 0 
 74 , 420 , 0 , 0 , 2 , 2000000 , 3.000000106112566E-007 , 3.000000106112566E-007 
 7 , 350 , 0 , 0 , 1 , 0 , 0 , 0 
 71 , 420 , 0 , 0 , 2 , 4000000 , 3.000000106112566E-007 , 3.000000106112566E-007 
 10 , 350 , 0 , 0 , 1 , 0 , 0 , 0 
 76 , 420 , 0 , 0 , 2 , 4800000 , 4.00000004674439E-007 , 4.00000004674439E-007 
 5 , 350 , 0 , 0 , 1 , 0 , 0 , 0 
 79 , 420 , 0 , 0 , 2 , 5800000 , 4.999999987376214E-007 , 4.999999987376214E-007 
 26 , 350 , 0 , 0 , 1 , 0 , 2.000000023372195E-007 , 2.000000023372195E-007 
 7 , 0 , 0 , 0 , 1 , 0 , 2.000000023372195E-007 , 2.000000023372195E-007 
 8 , 0 , 0 , 0 , 1 , 0 , 0 , 0 
 144 , 0 , 0 , 0 , 1 , 0 , 2.000000023372195E-007 , 2.749999907791789E-007 
 0 , 0 , 0 , 0 , 0 , 0 , 0 , 0 
 5 , 0 , 0 , 0 , 1 , 0 , 0 , 0 
 7 , 0 , 0 , 0 , 1 , 0 , 0 , 0 
 82 , 700 , 0 , 0 , 1 , 0 , 2.499999993688107E-007 , 0 
 54 , 280 , 0 , 0 , 1 , 0 , 2.499999993688107E-007 , 0 
 108 , 420 , 0 , 0 , 2 , 500000 , 0 , 0 
 26 , 280 , 0 , 0 , 1 , 0 , 0 , 0 
 65 , 420 , 0 , 0 , 2 , 1250000 , 2.499999993688107E-007 , 0 
 19 , 280 , 0 , 0 , 1 , 0 , 0 , 0 
 61 , 420 , 0 , 0 , 2 , 2000000 , 3.000000106112566E-007 , 0 
 20 , 280 , 0 , 0 , 1 , 0 , 0 , 0 
 59 , 420 , 0 , 0 , 2 , 3000000 , 3.499999934319931E-007 , 0 
 23 , 280 , 0 , 0 , 1 , 0 , 0 , 0 
 53 , 420 , 0 , 0 , 2 , 3579545 , 3.750000132640707E-007 , 0 
 28 , 280 , 0 , 0 , 1 , 0 , 0 , 0 
 53 , 420 , 0 , 0 , 2 , 4100000 , 4.00000004674439E-007 , 0 
 46 , 280 , 0 , 0 , 1 , 0 , 0 , 0 
 8 , 0 , 0 , 0 , 1 , 0 , 2.499999993688107E-007 , 0 
 144 , 0 , 0 , 0 , 1 , 0 , 2.499999993688107E-007 , 0 
 0 , 0 , 0 , 0 , 0 , 0 , 0 , 0 
 20 , 0 , 0 , 0 , 1 , 0 , 0 , 0 
 40 , 0 , 210 , 210 , 1 , 0 , 0 , 2.749999907791789E-007 
 40 , 0 ,-210 ,-210 , 1 , 0 , 0 , 2.749999907791789E-007 
 40 , 0 , 0 , 0 , 1 , 0 , 0 , 2.749999907791789E-007 
 135 , 0 , 420 , 420 , 2 , 500000 , 0 , 0 
 30 , 0 , 0 , 0 , 1 , 0 , 0 , 0 
 81 , 0 , 420 , 420 , 2 , 1000000 , 0 , 0 
 30 , 0 , 0 , 0 , 1 , 0 , 0 , 0 
 74 , 0 , 420 , 420 , 2 , 1500000 , 3.000000106112566E-007 , 3.000000106112566E-007 
 30 , 0 , 0 , 0 , 1 , 0 , 0 , 0 
 76 , 0 , 420 , 420 , 2 , 2000000 , 3.499999934319931E-007 , 3.499999934319931E-007 
 30 , 0 , 0 , 0 , 1 , 0 , 0 , 0 
 77 , 0 , 420 , 420 , 2 , 2500000 , 3.499999934319931E-007 , 3.499999934319931E-007 
 14 , 0 , 0 , 0 , 1 , 0 , 0 , 0 
 144 , 0 , 0 , 0 , 1 , 0 , 0 , 0 
 0 , 0 , 0 , 0 , 0 , 0 , 0 , 0 
 11 , 0 , 0 , 0 , 1 , 0 , 0 , 0 
 702 , 700 , 0 , 0 , 1 , 0 , 2.000000023372195E-007 , 0 
 7 , 0 , 0 , 0 , 1 , 0 , 2.000000023372195E-007 , 0 
 144 , 0 , 0 , 0 , 1 , 0 , 2.000000023372195E-007 , 0 
 0 , 0 , 0 , 0 , 0 , 0 , 0 , 0 
 15.48400020599365 , 700 , 0 , 0 , 5 , 0 , 0 , 0 
 53.875 , 700 , 0 , 0 , 5 , 0 , 0 , 0 
 92.26599884033203 , 700 , 0 , 0 , 5 , 0 , 0 , 0 
 130.656005859375 , 700 , 0 , 0 , 5 , 0 , 0 , 0 
 169.0469970703125 , 700 , 0 , 0 , 5 , 0 , 0 , 0 
 207.4380035400391 , 700 , 0 , 0 , 5 , 0 , 0 , 0 
 245.8280029296875 , 700 , 0 , 0 , 5 , 0 , 0 , 0 
 284.218994140625 , 700 , 0 , 0 , 5 , 0 , 0 , 0 
 322.6090087890625 , 700 , 0 , 0 , 5 , 0 , 0 , 0 
 361 , 700 , 0 , 0 , 5 , 0 , 0 , 0 
 399.3900146484375 , 700 , 0 , 0 , 5 , 0 , 0 , 0 
 437.781005859375 , 700 , 0 , 0 , 5 , 0 , 0 , 0 
 476.1719970703125 , 700 , 0 , 0 , 5 , 0 , 0 , 0 
 514.56298828125 , 700 , 0 , 0 , 5 , 0 , 0 , 0 
 552.9530029296875 , 700 , 0 , 0 , 5 , 0 , 0 , 0 
 591.343994140625 , 700 , 0 , 0 , 5 , 0 , 0 , 0 
 629.7340087890625 , 700 , 0 , 0 , 5 , 0 , 0 , 0 
 668.125 , 700 , 0 , 0 , 5 , 0 , 0 , 0 
 706.5159912109375 , 700 , 0 , 0 , 5 , 0 , 0 , 0 
 8 , 0 , 0 , 0 , 1 , 0 , 0 , 0 
 144 , 0 , 0 , 0 , 1 , 0 , 0 , 0 
 0 , 0 , 0 , 0 , 0 , 0 , 0 , 0 
 6 , 0 , 0 , 0 , 1 , 0 , 0 , 0 
 710 , 700 , 0 , 0 , 1 , 0 , 1.399999973727972E-007 , 2.749999907791789E-007 
 4 , 0 , 0 , 0 , 1 , 0 , 1.399999973727972E-007 , 2.749999907791789E-007 
 144 , 0 , 0 , 0 , 1 , 0 , 0 , 0 
 0 , 0 , 0 , 0 , 0 , 0 , 0 , 0 
 720 , 0 , 0 , 0 , 1 , 0 , 0 , 0 
 14.49200057983398 , 700 , 0 , 0 , 11 , 0 , 2.499999993688107E-007 , 0 
 57.99300003051758 , 700 , 0 , 0 , 11 , 0 , 2.499999993688107E-007 , 0 
 101.2369995117188 , 700 , 0 , 0 , 11 , 0 , 2.499999993688107E-007 , 0 
 144.5299987792969 , 700 , 0 , 0 , 11 , 0 , 2.499999993688107E-007 , 0 
 187.8249969482422 , 700 , 0 , 0 , 11 , 0 , 2.499999993688107E-007 , 0 
 231.1179962158203 , 700 , 0 , 0 , 11 , 0 , 2.499999993688107E-007 , 0 
 274.4119873046875 , 700 , 0 , 0 , 11 , 0 , 2.499999993688107E-007 , 0 
 317.7060241699219 , 700 , 0 , 0 , 11 , 0 , 2.499999993688107E-007 , 0 
 361 , 700 , 0 , 0 , 11 , 0 , 2.499999993688107E-007 , 0 
 404.2937927246094 , 700 , 0 , 0 , 11 , 0 , 2.499999993688107E-007 , 0 
 447.5880126953125 , 700 , 0 , 0 , 11 , 0 , 2.499999993688107E-007 , 0 
 490.8829956054688 , 700 , 0 , 0 , 11 , 0 , 2.499999993688107E-007 , 0 
 534.1749877929688 , 700 , 0 , 0 , 11 , 0 , 2.499999993688107E-007 , 0 
 577.468994140625 , 700 , 0 , 0 , 11 , 0 , 2.499999993688107E-007 , 0 
 620.7630004882812 , 700 , 0 , 0 , 11 , 0 , 2.499999993688107E-007 , 0 
 664.0570068359375 , 700 , 0 , 0 , 11 , 0 , 2.499999993688107E-007 , 0 
 707.3499755859375 , 700 , 0 , 0 , 11 , 0 , 2.499999993688107E-007 , 0 
 6 , 0 , 0 , 0 , 1 , 0 , 0 , 0 
 145 , 0 , 0 , 0 , 1 , 0 , 0 , 0 
 0 , 0 , 0 , 0 , 0 , 0 , 0 , 0 
 10 , 0 , 0 , 0 , 1 , 0 , 0 , 0 
 143 , 0 , 0 , 0 , 1 , 0 , 2.000000023372195E-007 , 0 
 31 ,-14 , 0 , 0 , 1 , 0 , 2.000000023372195E-007 , 0 
 31 , 0 , 0 , 0 , 1 , 0 , 2.000000023372195E-007 , 0 
 31 , 14 , 0 , 0 , 1 , 0 , 2.000000023372195E-007 , 0 
 155 , 0 , 0 , 0 , 1 , 0 , 2.000000023372195E-007 , 0 
 156 , 700 , 0 , 0 , 1 , 0 , 2.000000023372195E-007 , 0 
 155 , 0 , 0 , 0 , 1 , 0 , 2.000000023372195E-007 , 0 
 8 , 0 , 0 , 0 , 1 , 0 , 2.000000023372195E-007 , 0 
 144 , 0 , 0 , 0 , 1 , 0 , 0 , 0 
 0 , 0 , 0 , 0 , 0 , 0 , 0 , 0 
 10 , 0 , 0 , 0 , 1 , 0 , 0 , 0 
 143 , 0 , 0 , 0 , 1 , 0 , 2.000000023372195E-007 , 0 
 31 ,-14 , 0 , 0 , 1 , 0 , 2.000000023372195E-007 , 0 
 31 , 0 , 0 , 0 , 1 , 0 , 2.000000023372195E-007 , 0 
 31 , 14 , 0 , 0 , 1 , 0 , 2.000000023372195E-007 , 0 
 155 , 0 , 0 , 0 , 1 , 0 , 2.000000023372195E-007 , 0 
 156 , 450 , 0 , 0 , 1 , 0 , 2.000000023372195E-007 , 0 
 155 , 0 , 0 , 0 , 1 , 0 , 2.000000023372195E-007 , 0 
 8 , 0 , 0 , 0 , 1 , 0 , 2.000000023372195E-007 , 0 
 144 , 0 , 0 , 0 , 1 , 0 , 0 , 0 
 0 , 0 , 0 , 0 , 0 , 0 , 0 , 0 
 10 , 0 , 0 , 0 , 1 , 0 , 0 , 0 
 143 , 0 , 0 , 0 , 1 , 0 , 2.000000023372195E-007 , 0 
 31 ,-14 , 0 , 0 , 1 , 0 , 2.000000023372195E-007 , 0 
 31 , 0 , 0 , 0 , 1 , 0 , 2.000000023372195E-007 , 0 
 31 , 14 , 0 , 0 , 1 , 0 , 2.000000023372195E-007 , 0 
 155 , 0 , 0 , 0 , 1 , 0 , 2.000000023372195E-007 , 0 
 156 , 200 , 0 , 0 , 1 , 0 , 2.000000023372195E-007 , 0 
 155 , 0 , 0 , 0 , 1 , 0 , 2.000000023372195E-007 , 0 
 8 , 0 , 0 , 0 , 1 , 0 , 2.000000023372195E-007 , 0 
 144 , 0 , 0 , 0 , 1 , 0 , 0 , 0 
 0 , 0 , 0 , 0 , 0 , 0 , 0 , 0 
 10 , 0 , 0 , 0 , 1 , 0 , 0 , 0 
 143 , 0 , 0 , 0 , 1 , 0 , 2.000000023372195E-007 , 0 
 31 ,-14 , 0 , 0 , 1 , 0 , 2.000000023372195E-007 , 0 
 31 , 0 , 0 , 0 , 1 , 0 , 2.000000023372195E-007 , 0 
 31 , 14 , 0 , 0 , 1 , 0 , 2.000000023372195E-007 , 0 
 155 , 0 , 0 , 0 , 1 , 0 , 2.000000023372195E-007 , 0 
 156 , 110 , 0 , 0 , 1 , 0 , 2.000000023372195E-007 , 0 
 155 , 0 , 0 , 0 , 1 , 0 , 2.000000023372195E-007 , 0 
 8 , 0 , 0 , 0 , 1 , 0 , 2.000000023372195E-007 , 0 
 144 , 0 , 0 , 0 , 1 , 0 , 0 , 0 
 0 , 0 , 0 , 0 , 0 , 0 , 0 , 0 
 5 , 0 , 0 , 0 , 1 , 0 , 0 , 0 
 179 , 0 , 0 , 0 , 1 , 0 , 2.499999993688107E-007 , 0 
 31 ,-12.78999996185303 , 0 , 0 , 1 , 0 , 2.499999993688107E-007 , 0 
 31 , 0 , 0 , 0 , 1 , 0 , 2.499999993688107E-007 , 0 
 31 , 12.78999996185303 , 0 , 0 , 1 , 0 , 2.499999993688107E-007 , 0 
 98 , 0 , 0 , 0 , 1 , 0 , 2.499999993688107E-007 , 0 
 162 , 700 , 0 , 0 , 1 , 0 , 2.499999993688107E-007 , 0 
 179 , 0 , 0 , 0 , 1 , 0 , 2.499999993688107E-007 , 0 
 4 , 0 , 0 , 0 , 1 , 0 , 2.499999993688107E-007 , 0 
 144 , 0 , 0 , 0 , 1 , 0 , 0 , 0 
 0 , 0 , 0 , 0 , 0 , 0 , 0 , 0 
 5 , 0 , 0 , 0 , 1 , 0 , 0 , 0 
 179 , 0 , 0 , 0 , 1 , 0 , 2.499999993688107E-007 , 0 
 31 ,-12.78999996185303 , 0 , 0 , 1 , 0 , 2.499999993688107E-007 , 0 
 31 , 0 , 0 , 0 , 1 , 0 , 2.499999993688107E-007 , 0 
 31 , 12.78999996185303 , 0 , 0 , 1 , 0 , 2.499999993688107E-007 , 0 
 98 , 0 , 0 , 0 , 1 , 0 , 2.499999993688107E-007 , 0 
 162 , 441 , 0 , 0 , 1 , 0 , 2.499999993688107E-007 , 0 
 179 , 0 , 0 , 0 , 1 , 0 , 2.499999993688107E-007 , 0 
 4 , 0 , 0 , 0 , 1 , 0 , 2.499999993688107E-007 , 0 
 144 , 0 , 0 , 0 , 1 , 0 , 0 , 0 
 0 , 0 , 0 , 0 , 0 , 0 , 0 , 0 
 5 , 0 , 0 , 0 , 1 , 0 , 0 , 0 
 179 , 0 , 0 , 0 , 1 , 0 , 2.499999993688107E-007 , 0 
 31 ,-12.78999996185303 , 0 , 0 , 1 , 0 , 2.499999993688107E-007 , 0 
 31 , 0 , 0 , 0 , 1 , 0 , 2.499999993688107E-007 , 0 
 31 , 12.78999996185303 , 0 , 0 , 1 , 0 , 2.499999993688107E-007 , 0 
 98 , 0 , 0 , 0 , 1 , 0 , 2.499999993688107E-007 , 0 
 162 , 246 , 0 , 0 , 1 , 0 , 2.499999993688107E-007 , 0 
 179 , 0 , 0 , 0 , 1 , 0 , 2.499999993688107E-007 , 0 
 4 , 0 , 0 , 0 , 1 , 0 , 2.499999993688107E-007 , 0 
 144 , 0 , 0 , 0 , 1 , 0 , 0 , 0 
 0 , 0 , 0 , 0 , 0 , 0 , 0 , 0 
 5 , 0 , 0 , 0 , 1 , 0 , 0 , 0 
 179 , 0 , 0 , 0 , 1 , 0 , 2.499999993688107E-007 , 0 
 31 ,-12.78999996185303 , 0 , 0 , 1 , 0 , 2.499999993688107E-007 , 0 
 31 , 0 , 0 , 0 , 1 , 0 , 2.499999993688107E-007 , 0 
 31 , 12.78999996185303 , 0 , 0 , 1 , 0 , 2.499999993688107E-007 , 0 
 98 , 0 , 0 , 0 , 1 , 0 , 2.499999993688107E-007 , 0 
 162 , 105 , 0 , 0 , 1 , 0 , 2.499999993688107E-007 , 0 
 179 , 0 , 0 , 0 , 1 , 0 , 2.499999993688107E-007 , 0 
 4 , 0 , 0 , 0 , 1 , 0 , 2.499999993688107E-007 , 0 
 144 , 0 , 0 , 0 , 1 , 0 , 0 , 0 
 0 , 0 , 0 , 0 , 0 , 0 , 0 , 0 
 11 , 0 , 0 , 0 , 1 , 0 , 0 , 0 
 117 , 0 , 0 , 0 , 1 , 0 , 2.000000023372195E-007 , 0 
 117 , 140 , 0 , 0 , 1 , 0 , 2.000000023372195E-007 , 0 
 117 , 280 , 0 , 0 , 1 , 0 , 2.000000023372195E-007 , 0 
 117 , 420 , 0 , 0 , 1 , 0 , 2.000000023372195E-007 , 0 
 117 , 560 , 0 , 0 , 1 , 0 , 2.000000023372195E-007 , 0 
 117 , 700 , 0 , 0 , 1 , 0 , 2.000000023372195E-007 , 0 
 7 , 0 , 0 , 0 , 1 , 0 , 2.000000023372195E-007 , 0 
 144 , 0 , 0 , 0 , 1 , 0 , 2.000000023372195E-007 , 0 
 0 , 0 , 0 , 0 , 0 , 0 , 0 , 0 
 6 , 0 , 0 , 0 , 1 , 0 , 0 , 0 
 119 , 0 , 0 , 0 , 1 , 0 , 1.399999973727972E-007 , 0 
 118 , 140 , 0 , 0 , 1 , 0 , 2.499999993688107E-007 , 0 
 118 , 280 , 0 , 0 , 1 , 0 , 2.499999993688107E-007 , 0 
 118 , 420 , 0 , 0 , 1 , 0 , 2.499999993688107E-007 , 0 
 118 , 560 , 0 , 0 , 1 , 0 , 2.499999993688107E-007 , 0 
 119 , 700 , 0 , 0 , 1 , 0 , 2.499999993688107E-007 , 0 
 4 , 0 , 0 , 0 , 1 , 0 , 1.399999973727972E-007 , 0 
 144 , 0 , 0 , 0 , 1 , 0 , 1.399999973727972E-007 , 0 
 0 , 0 , 0 , 0 , 0 , 0 , 0 , 0 
 11 , 0 , 0 , 0 , 1 , 0 , 0 , 0 
 63 , 0 , 0 , 0 , 1 , 0 , 2.000000023372195E-007 , 0 
 64 , 70 , 0 , 0 , 1 , 0 , 2.000000023372195E-007 , 0 
 64 , 140 , 0 , 0 , 1 , 0 , 2.000000023372195E-007 , 0 
 64 , 210 , 0 , 0 , 1 , 0 , 2.000000023372195E-007 , 0 
 64 , 280 , 0 , 0 , 1 , 0 , 2.000000023372195E-007 , 0 
 64 , 350 , 0 , 0 , 1 , 0 , 2.000000023372195E-007 , 0 
 64 , 420 , 0 , 0 , 1 , 0 , 2.000000023372195E-007 , 0 
 64 , 490 , 0 , 0 , 1 , 0 , 2.000000023372195E-007 , 0 
 64 , 560 , 0 , 0 , 1 , 0 , 2.000000023372195E-007 , 0 
 64 , 630 , 0 , 0 , 1 , 0 , 2.000000023372195E-007 , 0 
 63 , 700 , 0 , 0 , 1 , 0 , 2.000000023372195E-007 , 0 
 7 , 0 , 0 , 0 , 1 , 0 , 2.000000023372195E-007 , 0 
 144 , 0 , 0 , 0 , 1 , 0 , 0 , 0 
 0 , 0 , 0 , 0 , 0 , 0 , 0 , 0 
 6 , 0 , 0 , 0 , 1 , 0 , 0 , 0 
 67 , 0 , 0 , 0 , 1 , 0 , 1.399999973727972E-007 , 0 
 64 , 70 , 0 , 0 , 1 , 0 , 2.499999993688107E-007 , 0 
 64 , 140 , 0 , 0 , 1 , 0 , 2.499999993688107E-007 , 0 
 64 , 210 , 0 , 0 , 1 , 0 , 2.499999993688107E-007 , 0 
 64 , 280 , 0 , 0 , 1 , 0 , 2.499999993688107E-007 , 0 
 64 , 350 , 0 , 0 , 1 , 0 , 2.499999993688107E-007 , 0 
 64 , 420 , 0 , 0 , 1 , 0 , 2.499999993688107E-007 , 0 
 64 , 490 , 0 , 0 , 1 , 0 , 2.499999993688107E-007 , 0 
 64 , 560 , 0 , 0 , 1 , 0 , 2.499999993688107E-007 , 0 
 64 , 630 , 0 , 0 , 1 , 0 , 2.499999993688107E-007 , 0 
 67 , 700 , 0 , 0 , 1 , 0 , 2.499999993688107E-007 , 0 
 4 , 0 , 0 , 0 , 1 , 0 , 1.399999973727972E-007 , 0 
 144 , 0 , 0 , 0 , 1 , 0 , 0 , 0 
 0 , 0 , 0 , 0 , 0 , 0 , 0 , 0 
 10 , 0 , 0 , 0 , 1 , 0 , 0 , 0 
 221 , 0 , 0 , 0 , 1 , 0 , 0 , 0 
 260 , 420 , 0 , 0 , 1 , 0 , 0 , 0 
 221 , 0 , 0 , 0 , 1 , 0 , 0 , 0 
 8 , 0 , 0 , 0 , 1 , 0 , 0 , 0 
 231 , 420 , 0 , 0 , 5 , 0 , 0 , 0 
 491 , 420 , 0 , 0 , 5 , 0 , 0 , 0 
 224 , 0 , 0 , 0 , 1 , 0 , 0 , 0 
 144 , 0 , 0 , 0 , 1 , 0 , 0 , 0 
 0 , 0 , 0 , 0 , 0 , 0 , 0 , 0 
 231 , 420 , 0 , 0 , 5 , 0 , 0 , 0 
 257 , 420 , 0 , 0 , 5 , 0 , 0 , 0 
 283 , 420 , 0 , 0 , 5 , 0 , 0 , 0 
 309 , 420 , 0 , 0 , 5 , 0 , 0 , 0 
 335 , 420 , 0 , 0 , 5 , 0 , 0 , 0 
 361 , 420 , 0 , 0 , 5 , 0 , 0 , 0 
 387 , 420 , 0 , 0 , 5 , 0 , 0 , 0 
 413 , 420 , 0 , 0 , 5 , 0 , 0 , 0 
 439 , 420 , 0 , 0 , 5 , 0 , 0 , 0 
 465 , 420 , 0 , 0 , 5 , 0 , 0 , 0 
 491 , 420 , 0 , 0 , 5 , 0 , 0 , 0 
 224 , 0 , 0 , 0 , 1 , 0 , 0 , 0 
 144 , 0 , 0 , 0 , 1 , 0 , 0 , 0 
 0 , 0 , 0 , 0 , 0 , 0 , 0 , 0 
 10 , 0 , 0 , 0 , 1 , 0 , 0 , 0 
 221 , 0 , 0 , 0 , 1 , 0 , 0 , 0 
 260 , 105 , 0 , 0 , 1 , 0 , 0 , 0 
 221 , 0 , 0 , 0 , 1 , 0 , 0 , 0 
 8 , 0 , 0 , 0 , 1 , 0 , 0 , 0 
 231 , 105 , 0 , 0 , 5 , 0 , 0 , 0 
 491 , 105 , 0 , 0 , 5 , 0 , 0 , 0 
 224 , 0 , 0 , 0 , 1 , 0 , 0 , 0 
 144 , 0 , 0 , 0 , 1 , 0 , 0 , 0 
 0 , 0 , 0 , 0 , 0 , 0 , 0 , 0 
 270 , 420 , 0 , 0 , 5 , 0 , 0 , 0 
 589 , 0 , 0 , 0 , 1 , 0 , 0 , 0 
 0 , 0 , 0 , 0 , 0 , 0 , 0 , 0 
 10 , 0 , 0 , 0 , 1 , 0 , 0 , 0 
 221 , 0 , 0 , 0 , 1 , 0 , 0 , 0 
 260 , 140 , 0 , 0 , 1 , 0 , 0 , 0 
 221 , 0 , 0 , 0 , 1 , 0 , 0 , 0 
 8 , 0 , 0 , 0 , 1 , 0 , 0 , 0 
 231 , 140 , 0 , 0 , 5 , 0 , 0 , 0 
 491 , 140 , 0 , 0 , 5 , 0 , 0 , 0 
 224 , 0 , 0 , 0 , 1 , 0 , 0 , 0 
 144 , 0 , 0 , 0 , 1 , 0 , 0 , 0 
 0 , 0 , 0 , 0 , 0 , 0 , 0 , 0 
 283 , 420 , 0 , 0 , 5 , 0 , 0 , 0 
 589 , 0 , 0 , 0 , 1 , 0 , 0 , 0 
 0 , 0 , 0 , 0 , 0 , 0 , 0 , 0 
 10 , 0 , 0 , 0 , 1 , 0 , 0 , 0 
 221 , 0 , 0 , 0 , 1 , 0 , 0 , 0 
 260 , 700 , 0 , 0 , 1 , 0 , 0 , 0 
 221 , 0 , 0 , 0 , 1 , 0 , 0 , 0 
 8 , 0 , 0 , 0 , 1 , 0 , 0 , 0 
 231 , 700 , 0 , 0 , 5 , 0 , 0 , 0 
 491 , 700 , 0 , 0 , 5 , 0 , 0 , 0 
 224 , 0 , 0 , 0 , 1 , 0 , 0 , 0 
 144 , 0 , 0 , 0 , 1 , 0 , 0 , 0 
 0 , 0 , 0 , 0 , 0 , 0 , 0 , 0 
 491 , 420 , 0 , 0 , 5 , 0 , 0 , 0 
 589 , 0 , 0 , 0 , 1 , 0 , 0 , 0 
 0 , 0 , 0 , 0 , 0 , 0 , 0 , 0 
 11 , 0 , 0 , 0 , 1 , 0 , 0 , 0 
 702 , 357.1900024414062 , 0 , 0 , 1 , 0 , 2.000000023372195E-007 , 0 
 7 , 0 , 0 , 0 , 1 , 0 , 2.000000023372195E-007 , 0 
 144 , 0 , 0 , 0 , 1 , 0 , 2.000000023372195E-007 , 0 
 0 , 0 , 0 , 0 , 0 , 0 , 0 , 0 
 6 , 0 , 0 , 0 , 1 , 0 , 0 , 0 
 710 , 357.1900024414062 , 0 , 0 , 1 , 0 , 2.000000023372195E-007 , 0 
 4 , 0 , 0 , 0 , 1 , 0 , 2.000000023372195E-007 , 0 
 144 , 0 , 0 , 0 , 1 , 0 , 2.000000023372195E-007 , 0 
 0 , 0 , 0 , 0 , 0 , 0 , 0 , 0 
 719 , 274.885986328125 , 200 , 200 , 1 , 0 , 0 , 0 
 1 , 51.14199829101562 , 200 , 200 , 1 , 0 , 0 , 0 
 142 , 0 , 0 , 0 , 1 , 0 , 0 , 0 
 2 , 274.885986328125 , 200 , 200 , 1 , 0 , 0 , 0 
 0 , 0 , 0 , 0 , 0 , 0 , 0 , 0 
 720 , 274.885986328125 , 200 , 200 , 1 , 0 , 0 , 0 
 142 , 0 , 0 , 0 , 1 , 0 , 0 , 0 
 2 , 271.885986328125 , 200 , 200 , 1 , 0 , 0 , 0 
 0 , 0 , 0 , 0 , 0 , 0 , 0 , 0 
 720 , 166.2100067138672 , 0 , 0 , 1 , 0 , 0 , 0 
 144 , 0 , 0 , 0 , 1 , 0 , 0 , 0 
 0 , 0 , 0 , 0 , 0 , 0 , 0 , 0 
 11 , 0 , 0 , 0 , 1 , 0 , 0 , 0 
 86 , 525 , 0 , 0 , 1 , 0 , 1.500000053056283E-007 , 3.000000106112566E-007 
 88 , 465.1500244140625 ,-262.5 , 42.69800186157227 , 1 , 0 , 1.500000053056283E-007 , 3.000000106112566E-007 
 88 , 368.02001953125 , 88.60399627685547 ,-262.5 , 1 , 0 , 1.500000053056283E-007 , 3.000000106112566E-007 
 88 , 308.1749877929688 ,-173.9149932861328 ,-219.8099975585938 , 1 , 0 , 1.500000053056283E-007 , 3.000000106112566E-007 
 88 , 216.8249969482422 , 173.9149932861328 , 219.8099975585938 , 1 , 0 , 1.500000053056283E-007 , 3.000000106112566E-007 
 88 , 157 ,-88.60399627685547 , 262.5 , 1 , 0 , 1.500000053056283E-007 , 3.000000106112566E-007 
 88 , 59.90000152587891 , 262.5 ,-42.69800186157227 , 1 , 0 , 1.500000053056283E-007 , 3.000000106112566E-007 
 88 , 0 , 0 , 0 , 1 , 0 , 1.500000053056283E-007 , 3.000000106112566E-007 
 7 , 0 , 0 , 0 , 1 , 0 , 1.500000053056283E-007 , 3.000000106112566E-007 
 144 , 0 , 0 , 0 , 1 , 0 , 1.500000053056283E-007 , 3.000000106112566E-007 
 0 , 0 , 0 , 0 , 0 , 0 , 0 , 0 
 6 , 0 , 0 , 0 , 1 , 0 , 0 , 0 
 88 , 700 , 0 , 0 , 1 , 0 , 1.400000115836519E-007 , 3.000000106112566E-007 
 89 , 465.1500244140625 ,-262.5 , 42.69800186157227 , 1 , 0 , 2.499999993688107E-007 , 3.000000106112566E-007 
 89 , 368.02001953125 , 88.60399627685547 ,-262.5 , 1 , 0 , 2.499999993688107E-007 , 3.000000106112566E-007 
 89 , 308.1749877929688 ,-173.9149932861328 ,-219.8099975585938 , 1 , 0 , 2.499999993688107E-007 , 3.000000106112566E-007 
 89 , 216.8249969482422 , 173.9149932861328 , 219.8099975585938 , 1 , 0 , 2.499999993688107E-007 , 3.000000106112566E-007 
 89 , 157 ,-88.60399627685547 , 262.5 , 1 , 0 , 2.499999993688107E-007 , 3.000000106112566E-007 
 89 , 59.90000152587891 , 262.5 ,-42.69800186157227 , 1 , 0 , 2.499999993688107E-007 , 3.000000106112566E-007 
 88 , 0 , 0 , 0 , 1 , 0 , 2.499999993688107E-007 , 3.000000106112566E-007 
 4 , 0 , 0 , 0 , 1 , 0 , 1.400000115836519E-007 , 3.000000106112566E-007 
 144 , 0 , 0 , 0 , 1 , 0 , 0 , 0 
 0 , 0 , 0 , 0 , 0 , 0 , 0 , 0 
 6 , 0 , 0 , 0 , 1 , 0 , 0 , 0 
 88 , 700 , 0 , 0 , 1 , 0 , 1.400000115836519E-007 , 3.000000106112566E-007 
 89 , 620.2000122070312 ,-350 , 56.91799926757812 , 1 , 0 , 2.499999993688107E-007 , 3.000000106112566E-007 
 89 , 490.7000122070312 , 118.1159973144531 ,-350 , 1 , 0 , 2.499999993688107E-007 , 3.000000106112566E-007 
 89 , 410.8999938964844 ,-231.8860015869141 ,-293.0799865722656 , 1 , 0 , 2.499999993688107E-007 , 3.000000106112566E-007 
 89 , 289.1000061035156 , 231.8860015869141 , 293.0799865722656 , 1 , 0 , 2.499999993688107E-007 , 3.000000106112566E-007 
 89 , 209.3000030517578 ,-118.1159973144531 , 350 , 1 , 0 , 2.499999993688107E-007 , 3.000000106112566E-007 
 89 , 79.80000305175781 , 350 ,-56.91799926757812 , 1 , 0 , 2.499999993688107E-007 , 3.000000106112566E-007 
 88 , 0 , 0 , 0 , 1 , 0 , 2.499999993688107E-007 , 3.000000106112566E-007 
 4 , 0 , 0 , 0 , 1 , 0 , 1.400000115836519E-007 , 3.000000106112566E-007 
 144 , 0 , 0 , 0 , 1 , 0 , 0 , 0 
 0 , 0 , 0 , 0 , 0 , 0 , 0 , 0 
 10 , 0 , 0 , 0 , 1 , 0 , 0 , 0 
 221 , 0 , 0 , 0 , 1 , 0 , 0 , 0 
 260 , 70 , 0 , 0 , 1 , 0 , 0 , 0 
 221 , 0 , 0 , 0 , 1 , 0 , 0 , 0 
 8 , 0 , 0 , 0 , 1 , 0 , 0 , 0 
 231 , 70 , 0 , 0 , 5 , 0 , 0 , 0 
 491 , 70 , 0 , 0 , 5 , 0 , 0 , 0 
 224 , 0 , 0 , 0 , 1 , 0 , 0 , 0 
 144 , 0 , 0 , 0 , 1 , 0 , 0 , 0 
 0 , 0 , 0 , 0 , 0 , 0 , 0 , 0 
 257 , 420 , 0 , 0 , 5 , 0 , 0 , 0 
 602 , 0 , 0 , 0 , 1 , 0 , 0 , 0 
 0 , 0 , 0 , 0 , 0 , 0 , 0 , 0 
 11 , 0 , 0 , 0 , 1 , 0 , 0 , 0 
 350 , 105 , 0 , 0 , 1 , 0 , 2.000000023372195E-007 , 0 
 352 , 700 , 0 , 0 , 1 , 0 , 2.000000023372195E-007 , 0 
 7 , 0 , 0 , 0 , 1 , 0 , 2.000000023372195E-007 , 0 
 144 , 0 , 0 , 0 , 1 , 0 , 0 , 0 
 0 , 0 , 0 , 0 , 0 , 0 , 0 , 0 
 6 , 0 , 0 , 0 , 1 , 0 , 0 , 0 
 355 , 105 , 0 , 0 , 1 , 0 , 2.499999993688107E-007 , 0 
 355 , 700 , 0 , 0 , 1 , 0 , 2.499999993688107E-007 , 0 
 4 , 0 , 0 , 0 , 1 , 0 , 2.499999993688107E-007 , 0 
 144 , 0 , 0 , 0 , 1 , 0 , 0 , 0 
 0 , 0 , 0 , 0 , 0 , 0 , 0 , 0 
 10 , 0 , 0 , 0 , 1 , 0 , 0 , 0 
 20 , 0 , 0 , 0 , 1 , 0 , 2.000000023372195E-007 , 2.000000023372195E-007 
 54 , 560 , 0 , 0 , 1 , 0 , 2.000000023372195E-007 , 2.000000023372195E-007 
 54 , 140 , 0 , 0 , 1 , 0 , 2.000000023372195E-007 , 2.000000023372195E-007 
 57 , 350 , 0 , 0 , 1 , 0 , 2.000000023372195E-007 , 2.000000023372195E-007 
 54 , 420 , 0 , 0 , 2 , 500000 , 3.000000106112566E-007 , 3.000000106112566E-007 
 26 , 350 , 0 , 0 , 1 , 0 , 0 , 0 
 68 , 420 , 0 , 0 , 2 , 1000000 , 3.000000106112566E-007 , 3.000000106112566E-007 
 11 , 350 , 0 , 0 , 1 , 0 , 0 , 0 
 74 , 420 , 0 , 0 , 2 , 2000000 , 3.000000106112566E-007 , 3.000000106112566E-007 
 7 , 350 , 0 , 0 , 1 , 0 , 0 , 0 
 71 , 420 , 0 , 0 , 2 , 4000000 , 3.000000106112566E-007 , 3.000000106112566E-007 
 10 , 350 , 0 , 0 , 1 , 0 , 0 , 0 
 76 , 420 , 0 , 0 , 2 , 4800000 , 4.00000004674439E-007 , 4.00000004674439E-007 
 5 , 350 , 0 , 0 , 1 , 0 , 0 , 0 
 79 , 420 , 0 , 0 , 2 , 5800000 , 4.999999987376214E-007 , 4.999999987376214E-007 
 26 , 350 , 0 , 0 , 1 , 0 , 2.000000023372195E-007 , 2.000000023372195E-007 
 7 , 0 , 0 , 0 , 1 , 0 , 2.000000023372195E-007 , 2.000000023372195E-007 
 8 , 0 , 0 , 0 , 1 , 0 , 0 , 0 
 144 , 0 , 0 , 0 , 1 , 0 , 2.000000023372195E-007 , 2.749999907791789E-007 
 0 , 0 , 0 , 0 , 0 , 0 , 0 , 0 
 1 , 0 , 0 , 0 , 0 , 0 , 0 , 0 
 0 , 0 , 0 , 0 , 0 , 0 , 0 , 0 
 0 , 0 , 0 , 0 , 0 , 0 , 0 , 0 
 0 , 0 , 0 , 0 , 0 , 0 , 0 , 0 
 0 , 0 , 0 , 0 , 0 , 0 , 0 , 0 
 0 , 0 , 0 , 0 , 0 , 0 , 0 , 0 
 0 , 0 , 0 , 0 , 0 , 0 , 0 , 0 
 0 , 0 , 0 , 0 , 0 , 0 , 0 , 0 
 0 , 0 , 0 , 0 , 0 , 0 , 0 , 0 
 0 , 0 , 0 , 0 , 0 , 0 , 0 , 0 
 0 , 0 , 0 , 0 , 0 , 0 , 0 , 0 
 0 , 0 , 0 , 0 , 0 , 0 , 0 , 0 
 0 , 0 , 0 , 0 , 0 , 0 , 0 , 0 
 0 , 0 , 0 , 0 , 0 , 0 , 0 , 0 
 0 , 0 , 0 , 0 , 0 , 0 , 0 , 0 
 0 , 0 , 0 , 0 , 0 , 0 , 0 , 0 
 0 , 0 , 0 , 0 , 0 , 0 , 0 , 0 
 0 , 0 , 0 , 0 , 0 , 0 , 0 , 0 
 0 , 0 , 0 , 0 , 0 , 0 , 0 , 0 
 0 , 0 , 0 , 0 , 0 , 0 , 0 , 0 
 0 , 0 , 0 , 0 , 0 , 0 , 0 , 0 
 0 , 0 , 0 , 0 , 0 , 0 , 0 , 0 
 0 , 0 , 0 , 0 , 0 , 0 , 0 , 0 
 0 , 0 , 0 , 0 , 0 , 0 , 0 , 0 
 0 , 0 , 0 , 0 , 0 , 0 , 0 , 0 
 0 , 0 , 0 , 0 , 0 , 0 , 0 , 0 
 0 , 0 , 0 , 0 , 0 , 0 , 0 , 0 
 0 , 0 , 0 , 0 , 0 , 0 , 0 , 0 
 0 , 0 , 0 , 0 , 0 , 0 , 0 , 0 
 0 , 0 , 0 , 0 , 0 , 0 , 0 , 0 
 0 , 0 , 0 , 0 , 0 , 0 , 0 , 0 
 0 , 0 , 0 , 0 , 0 , 0 , 0 , 0 
 0 , 0 , 0 , 0 , 0 , 0 , 0 , 0 
 0 , 0 , 0 , 0 , 0 , 0 , 0 , 0 
 0 , 0 , 0 , 0 , 0 , 0 , 0 , 0 
 0 , 0 , 0 , 0 , 0 , 0 , 0 , 0 
 0 , 0 , 0 , 0 , 0 , 0 , 0 , 0 
 0 , 0 , 0 , 0 , 0 , 0 , 0 , 0 
 0 , 0 , 0 , 0 , 0 , 0 , 0 , 0 
 0 , 0 , 0 , 0 , 0 , 0 , 0 , 0 
 0 , 0 , 0 , 0 , 0 , 0 , 0 , 0 
 0 , 0 , 0 , 0 , 0 , 0 , 0 , 0 
 0 , 0 , 0 , 0 , 0 , 0 , 0 , 0 
 0 , 0 , 0 , 0 , 0 , 0 , 0 , 0 
 0 , 0 , 0 , 0 , 0 , 0 , 0 , 0 
 0 , 0 , 0 , 0 , 0 , 0 , 0 , 0 
 0 , 0 , 0 , 0 , 0 , 0 , 0 , 0 
 0 , 0 , 0 , 0 , 0 , 0 , 0 , 0 
 0 , 0 , 0 , 0 , 0 , 0 , 0 , 0 
 0 , 0 , 0 , 0 , 0 , 0 , 0 , 0 
 0 , 0 , 0 , 0 , 0 , 0 , 0 , 0 
 0 , 0 , 0 , 0 , 0 , 0 , 0 , 0 
 0 , 0 , 0 , 0 , 0 , 0 , 0 , 0 
 0 , 0 , 0 , 0 , 0 , 0 , 0 , 0 
 0 , 0 , 0 , 0 , 0 , 0 , 0 , 0 
 0 , 0 , 0 , 0 , 0 , 0 , 0 , 0 
 0 , 0 , 0 , 0 , 0 , 0 , 0 , 0 
 0 , 0 , 0 , 0 , 0 , 0 , 0 , 0 
 0 , 0 , 0 , 0 , 0 , 0 , 0 , 0 
 0 , 0 , 0 , 0 , 0 , 0 , 0 , 0 
 0 , 0 , 0 , 0 , 0 , 0 , 0 , 0 
 0 , 0 , 0 , 0 , 0 , 0 , 0 , 0 
 0 , 0 , 0 , 0 , 0 , 0 , 0 , 0 
 0 , 0 , 0 , 0 , 0 , 0 , 0 , 0 
 0 , 0 , 0 , 0 , 0 , 0 , 0 , 0 
 0 , 0 , 0 , 0 , 0 , 0 , 0 , 0 
 0 , 0 , 0 , 0 , 0 , 0 , 0 , 0 
 0 , 0 , 0 , 0 , 0 , 0 , 0 , 0 
 0 , 0 , 0 , 0 , 0 , 0 , 0 , 0 
 0 , 0 , 0 , 0 , 0 , 0 , 0 , 0 
 0 , 0 , 0 , 0 , 0 , 0 , 0 , 0 
 0 , 0 , 0 , 0 , 0 , 0 , 0 , 0 
 0 , 0 , 0 , 0 , 0 , 0 , 0 , 0 
 0 , 0 , 0 , 0 , 0 , 0 , 0 , 0 
 0 , 0 , 0 , 0 , 0 , 0 , 0 , 0 
 0 , 0 , 0 , 0 , 0 , 0 , 0 , 0 
 0 , 0 , 0 , 0 , 0 , 0 , 0 , 0 
 0 , 0 , 0 , 0 , 0 , 0 , 0 , 0 
 0 , 0 , 0 , 0 , 0 , 0 , 0 , 0 
 0 , 0 , 0 , 0 , 0 , 0 , 0 , 0 
 0 , 0 , 0 , 0 , 0 , 0 , 0 , 0 
 0 , 0 , 0 , 0 , 0 , 0 , 0 , 0 
 0 , 0 , 0 , 0 , 0 , 0 , 0 , 0 
 0 , 0 , 0 , 0 , 0 , 0 , 0 , 0 
 0 , 0 , 0 , 0 , 0 , 0 , 0 , 0 
 0 , 0 , 0 , 0 , 0 , 0 , 0 , 0 
 0 , 0 , 0 , 0 , 0 , 0 , 0 , 0 
 0 , 0 , 0 , 0 , 0 , 0 , 0 , 0 
 0 , 0 , 0 , 0 , 0 , 0 , 0 , 0 
 0 , 0 , 0 , 0 , 0 , 0 , 0 , 0 
 0 , 0 , 0 , 0 , 0 , 0 , 0 , 0 
 0 , 0 , 0 , 0 , 0 , 0 , 0 , 0 
 0 , 0 , 0 , 0 , 0 , 0 , 0 , 0 
 0 , 0 , 0 , 0 , 0 , 0 , 0 , 0 
 0 , 0 , 0 , 0 , 0 , 0 , 0 , 0 
 0 , 0 , 0 , 0 , 0 , 0 , 0 , 0 
 0 , 0 , 0 , 0 , 0 , 0 , 0 , 0 
 0 , 0 , 0 , 0 , 0 , 0 , 0 , 0 
 0 , 0 , 0 , 0 , 0 , 0 , 0 , 0 
 0 , 0 , 0 , 0 , 0 , 0 , 0 , 0 
 0 , 0 , 0 , 0 , 0 , 0 , 0 , 0 
 0 , 0 , 0 , 0 , 0 , 0 , 0 , 0 
 0 , 0 , 0 , 0 , 0 , 0 , 0 , 0 
 0 , 0 , 0 , 0 , 0 , 0 , 0 , 0 
 0 , 0 , 0 , 0 , 0 , 0 , 0 , 0 
 0 , 0 , 0 , 0 , 0 , 0 , 0 , 0 
 0 , 0 , 0 , 0 , 0 , 0 , 0 , 0 
 0 , 0 , 0 , 0 , 0 , 0 , 0 , 0 
 0 , 0 , 0 , 0 , 0 , 0 , 0 , 0 
 0 , 0 , 0 , 0 , 0 , 0 , 0 , 0 
 0 , 0 , 0 , 0 , 0 , 0 , 0 , 0 
 0 , 0 , 0 , 0 , 0 , 0 , 0 , 0 
 0 , 0 , 0 , 0 , 0 , 0 , 0 , 0 
 0 , 0 , 0 , 0 , 0 , 0 , 0 , 0 
 0 , 0 , 0 , 0 , 0 , 0 , 0 , 0 
 0 , 0 , 0 , 0 , 0 , 0 , 0 , 0 
 0 , 0 , 0 , 0 , 0 , 0 , 0 , 0 
 0 , 0 , 0 , 0 , 0 , 0 , 0 , 0 
 0 , 0 , 0 , 0 , 0 , 0 , 0 , 0 
 0 , 0 , 0 , 0 , 0 , 0 , 0 , 0 
 0 , 0 , 0 , 0 , 0 , 0 , 0 , 0 
 0 , 0 , 0 , 0 , 0 , 0 , 0 , 0 
 0 , 0 , 0 , 0 , 0 , 0 , 0 , 0 
 0 , 0 , 0 , 0 , 0 , 0 , 0 , 0 
 0 , 0 , 0 , 0 , 0 , 0 , 0 , 0 
 0 , 0 , 0 , 0 , 0 , 0 , 0 , 0 
 0 , 0 , 0 , 0 , 0 , 0 , 0 , 0 
 0 , 0 , 0 , 0 , 0 , 0 , 0 , 0 
 0 , 0 , 0 , 0 , 0 , 0 , 0 , 0 
 0 , 0 , 0 , 0 , 0 , 0 , 0 , 0 
 0 , 0 , 0 , 0 , 0 , 0 , 0 , 0 
 0 , 0 , 0 , 0 , 0 , 0 , 0 , 0 
 0 , 0 , 0 , 0 , 0 , 0 , 0 , 0 
 0 , 0 , 0 , 0 , 0 , 0 , 0 , 0 
 0 , 0 , 0 , 0 , 0 , 0 , 0 , 0 
 0 , 0 , 0 , 0 , 0 , 0 , 0 , 0 
 0 , 0 , 0 , 0 , 0 , 0 , 0 , 0 
 0 , 0 , 0 , 0 , 0 , 0 , 0 , 0 
 0 , 0 , 0 , 0 , 0 , 0 , 0 , 0 
 0 , 0 , 0 , 0 , 0 , 0 , 0 , 0 
 0 , 0 , 0 , 0 , 0 , 0 , 0 , 0 
 0 , 0 , 0 , 0 , 0 , 0 , 0 , 0 
 0 , 0 , 0 , 0 , 0 , 0 , 0 , 0 
 0 , 0 , 0 , 0 , 0 , 0 , 0 , 0 
 0 , 0 , 0 , 0 , 0 , 0 , 0 , 0 
 0 , 0 , 0 , 0 , 0 , 0 , 0 , 0 
 0 , 0 , 0 , 0 , 0 , 0 , 0 , 0 
 0 , 0 , 0 , 0 , 0 , 0 , 0 , 0 
 0 , 0 , 0 , 0 , 0 , 0 , 0 , 0 
 0 , 0 , 0 , 0 , 0 , 0 , 0 , 0 
 0 , 0 , 0 , 0 , 0 , 0 , 0 , 0 
 0 , 0 , 0 , 0 , 0 , 0 , 0 , 0 
 0 , 0 , 0 , 0 , 0 , 0 , 0 , 0 
 0 , 0 , 0 , 0 , 0 , 0 , 0 , 0 
 0 , 0 , 0 , 0 , 0 , 0 , 0 , 0 
 0 , 0 , 0 , 0 , 0 , 0 , 0 , 0 
 0 , 0 , 0 , 0 , 0 , 0 , 0 , 0 
 0 , 0 , 0 , 0 , 0 , 0 , 0 , 0 
 0 , 0 , 0 , 0 , 0 , 0 , 0 , 0 
 0 , 0 , 0 , 0 , 0 , 0 , 0 , 0 
 0 , 0 , 0 , 0 , 0 , 0 , 0 , 0 
 0 , 0 , 0 , 0 , 0 , 0 , 0 , 0 
 0 , 0 , 0 , 0 , 0 , 0 , 0 , 0 
 0 , 0 , 0 , 0 , 0 , 0 , 0 , 0 
 0 , 0 , 0 , 0 , 0 , 0 , 0 , 0 
 0 , 0 , 0 , 0 , 0 , 0 , 0 , 0 
 0 , 0 , 0 , 0 , 0 , 0 , 0 , 0 
 0 , 0 , 0 , 0 , 0 , 0 , 0 , 0 
 0 , 0 , 0 , 0 , 0 , 0 , 0 , 0 
 0 , 0 , 0 , 0 , 0 , 0 , 0 , 0 
 0 , 0 , 0 , 0 , 0 , 0 , 0 , 0 
 0 , 0 , 0 , 0 , 0 , 0 , 0 , 0 
 0 , 0 , 0 , 0 , 0 , 0 , 0 , 0 
 0 , 0 , 0 , 0 , 0 , 0 , 0 , 0 
 0 , 0 , 0 , 0 , 0 , 0 , 0 , 0 
 0 , 0 , 0 , 0 , 0 , 0 , 0 , 0 
 0 , 0 , 0 , 0 , 0 , 0 , 0 , 0 
 0 , 0 , 0 , 0 , 0 , 0 , 0 , 0 
 0 , 0 , 0 , 0 , 0 , 0 , 0 , 0 
 0 , 0 , 0 , 0 , 0 , 0 , 0 , 0 
 0 , 0 , 0 , 0 , 0 , 0 , 0 , 0 
 0 , 0 , 0 , 0 , 0 , 0 , 0 , 0 
 0 , 0 , 0 , 0 , 0 , 0 , 0 , 0 
 0 , 0 , 0 , 0 , 0 , 0 , 0 , 0 
 0 , 0 , 0 , 0 , 0 , 0 , 0 , 0 
 0 , 0 , 0 , 0 , 0 , 0 , 0 , 0 
 0 , 0 , 0 , 0 , 0 , 0 , 0 , 0 
 0 , 0 , 0 , 0 , 0 , 0 , 0 , 0 
 0 , 0 , 0 , 0 , 0 , 0 , 0 , 0 
 0 , 0 , 0 , 0 , 0 , 0 , 0 , 0 
 0 , 0 , 0 , 0 , 0 , 0 , 0 , 0 
 0 , 0 , 0 , 0 , 0 , 0 , 0 , 0 
 0 , 0 , 0 , 0 , 0 , 0 , 0 , 0 
 0 , 0 , 0 , 0 , 0 , 0 , 0 , 0 
 0 , 0 , 0 , 0 , 0 , 0 , 0 , 0 
 0 , 0 , 0 , 0 , 0 , 0 , 0 , 0 
 0 , 0 , 0 , 0 , 0 , 0 , 0 , 0 
 0 , 0 , 0 , 0 , 0 , 0 , 0 , 0 
 0 , 0 , 0 , 0 , 0 , 0 , 0 , 0 
 0 , 0 , 0 , 0 , 0 , 0 , 0 , 0 
 0 , 0 , 0 , 0 , 0 , 0 , 0 , 0 
 0 , 0 , 0 , 0 , 0 , 0 , 0 , 0 
 0 , 0 , 0 , 0 , 0 , 0 , 0 , 0 
 0 , 0 , 0 , 0 , 0 , 0 , 0 , 0 
 0 , 0 , 0 , 0 , 0 , 0 , 0 , 0 
 0 , 0 , 0 , 0 , 0 , 0 , 0 , 0 
 0 , 0 , 0 , 0 , 0 , 0 , 0 , 0 
 0 , 0 , 0 , 0 , 0 , 0 , 0 , 0 
 0 , 0 , 0 , 0 , 0 , 0 , 0 , 0 
 0 , 0 , 0 , 0 , 0 , 0 , 0 , 0 
 0 , 0 , 0 , 0 , 0 , 0 , 0 , 0 
 0 , 0 , 0 , 0 , 0 , 0 , 0 , 0 
 0 , 0 , 0 , 0 , 0 , 0 , 0 , 0 
 0 , 0 , 0 , 0 , 0 , 0 , 0 , 0 
 0 , 0 , 0 , 0 , 0 , 0 , 0 , 0 
 0 , 0 , 0 , 0 , 0 , 0 , 0 , 0 
 0 , 0 , 0 , 0 , 0 , 0 , 0 , 0 
 0 , 0 , 0 , 0 , 0 , 0 , 0 , 0 
 0 , 0 , 0 , 0 , 0 , 0 , 0 , 0 
 0 , 0 , 0 , 0 , 0 , 0 , 0 , 0 
 0 , 0 , 0 , 0 , 0 , 0 , 0 , 0 
 0 , 0 , 0 , 0 , 0 , 0 , 0 , 0 
 0 , 0 , 0 , 0 , 0 , 0 , 0 , 0 
 0 , 0 , 0 , 0 , 0 , 0 , 0 , 0 
 0 , 0 , 0 , 0 , 0 , 0 , 0 , 0 
 0 , 0 , 0 , 0 , 0 , 0 , 0 , 0 
 0 , 0 , 0 , 0 , 0 , 0 , 0 , 0 
 0 , 0 , 0 , 0 , 0 , 0 , 0 , 0 
 0 , 0 , 0 , 0 , 0 , 0 , 0 , 0 
 0 , 0 , 0 , 0 , 0 , 0 , 0 , 0 
 0 , 0 , 0 , 0 , 0 , 0 , 0 , 0 
 0 , 0 , 0 , 0 , 0 , 0 , 0 , 0 
 0 , 0 , 0 , 0 , 0 , 0 , 0 , 0 
 0 , 0 , 0 , 0 , 0 , 0 , 0 , 0 
 0 , 0 , 0 , 0 , 0 , 0 , 0 , 0 
 0 , 0 , 0 , 0 , 0 , 0 , 0 , 0 
 0 , 0 , 0 , 0 , 0 , 0 , 0 , 0 
 0 , 0 , 0 , 0 , 0 , 0 , 0 , 0 
 0 , 0 , 0 , 0 , 0 , 0 , 0 , 0 
 0 , 0 , 0 , 0 , 0 , 0 , 0 , 0 
 0 , 0 , 0 , 0 , 0 , 0 , 0 , 0 
 0 , 0 , 0 , 0 , 0 , 0 , 0 , 0 
 0 , 0 , 0 , 0 , 0 , 0 , 0 , 0 
 0 , 0 , 0 , 0 , 0 , 0 , 0 , 0 
 0 , 0 , 0 , 0 , 0 , 0 , 0 , 0 
 0 , 0 , 0 , 0 , 0 , 0 , 0 , 0 
 0 , 0 , 0 , 0 , 0 , 0 , 0 , 0 
 0 , 0 , 0 , 0 , 0 , 0 , 0 , 0 
 0 , 0 , 0 , 0 , 0 , 0 , 0 , 0 
 0 , 0 , 0 , 0 , 0 , 0 , 0 , 0 
 0 , 0 , 0 , 0 , 0 , 0 , 0 , 0 
 0 , 0 , 0 , 0 , 0 , 0 , 0 , 0 
 0 , 0 , 0 , 0 , 0 , 0 , 0 , 0 
 0 , 0 , 0 , 0 , 0 , 0 , 0 , 0 
 0 , 0 , 0 , 0 , 0 , 0 , 0 , 0 
 0 , 0 , 0 , 0 , 0 , 0 , 0 , 0 
 0 , 0 , 0 , 0 , 0 , 0 , 0 , 0 
 0 , 0 , 0 , 0 , 0 , 0 , 0 , 0 
 0 , 0 , 0 , 0 , 0 , 0 , 0 , 0 
 0 , 0 , 0 , 0 , 0 , 0 , 0 , 0 
 0 , 0 , 0 , 0 , 0 , 0 , 0 , 0 
 0 , 0 , 0 , 0 , 0 , 0 , 0 , 0 
 0 , 0 , 0 , 0 , 0 , 0 , 0 , 0 
 0 , 0 , 0 , 0 , 0 , 0 , 0 , 0 
 0 , 0 , 0 , 0 , 0 , 0 , 0 , 0 
 0 , 0 , 0 , 0 , 0 , 0 , 0 , 0 
 0 , 0 , 0 , 0 , 0 , 0 , 0 , 0 
 0 , 0 , 0 , 0 , 0 , 0 , 0 , 0 
 0 , 0 , 0 , 0 , 0 , 0 , 0 , 0 
 0 , 0 , 0 , 0 , 0 , 0 , 0 , 0 
 0 , 0 , 0 , 0 , 0 , 0 , 0 , 0 
 0 , 0 , 0 , 0 , 0 , 0 , 0 , 0 
 0 , 0 , 0 , 0 , 0 , 0 , 0 , 0 
 0 , 0 , 0 , 0 , 0 , 0 , 0 , 0 
 0 , 0 , 0 , 0 , 0 , 0 , 0 , 0 
 0 , 0 , 0 , 0 , 0 , 0 , 0 , 0 
 0 , 0 , 0 , 0 , 0 , 0 , 0 , 0 
 0 , 0 , 0 , 0 , 0 , 0 , 0 , 0 
 0 , 0 , 0 , 0 , 0 , 0 , 0 , 0 
 0 , 0 , 0 , 0 , 0 , 0 , 0 , 0 
 0 , 0 , 0 , 0 , 0 , 0 , 0 , 0 
 0 , 0 , 0 , 0 , 0 , 0 , 0 , 0 
 0 , 0 , 0 , 0 , 0 , 0 , 0 , 0 
 0 , 0 , 0 , 0 , 0 , 0 , 0 , 0 
 0 , 0 , 0 , 0 , 0 , 0 , 0 , 0 
 0 , 0 , 0 , 0 , 0 , 0 , 0 , 0 
 0 , 0 , 0 , 0 , 0 , 0 , 0 , 0 
 0 , 0 , 0 , 0 , 0 , 0 , 0 , 0 
 0 , 0 , 0 , 0 , 0 , 0 , 0 , 0 
 0 , 0 , 0 , 0 , 0 , 0 , 0 , 0 
 0 , 0 , 0 , 0 , 0 , 0 , 0 , 0 
 0 , 0 , 0 , 0 , 0 , 0 , 0 , 0 
 0 , 0 , 0 , 0 , 0 , 0 , 0 , 0 
 0 , 0 , 0 , 0 , 0 , 0 , 0 , 0 
 0 , 0 , 0 , 0 , 0 , 0 , 0 , 0 
 0 , 0 , 0 , 0 , 0 , 0 , 0 , 0 
 0 , 0 , 0 , 0 , 0 , 0 , 0 , 0 
 0 , 0 , 0 , 0 , 0 , 0 , 0 , 0 
 0 , 0 , 0 , 0 , 0 , 0 , 0 , 0 
 0 , 0 , 0 , 0 , 0 , 0 , 0 , 0 
 0 , 0 , 0 , 0 , 0 , 0 , 0 , 0 
 0 , 0 , 0 , 0 , 0 , 0 , 0 , 0 
 0 , 0 , 0 , 0 , 0 , 0 , 0 , 0 
 0 , 0 , 0 , 0 , 0 , 0 , 0 , 0 
 0 , 0 , 0 , 0 , 0 , 0 , 0 , 0 
 0 , 0 , 0 , 0 , 0 , 0 , 0 , 0 
 0 , 0 , 0 , 0 , 0 , 0 , 0 , 0 
 0 , 0 , 0 , 0 , 0 , 0 , 0 , 0 
 0 , 0 , 0 , 0 , 0 , 0 , 0 , 0 
 0 , 0 , 0 , 0 , 0 , 0 , 0 , 0 
 0 , 0 , 0 , 0 , 0 , 0 , 0 , 0 
 0 , 0 , 0 , 0 , 0 , 0 , 0 , 0 
 0 , 0 , 0 , 0 , 0 , 0 , 0 , 0 
 0 , 0 , 0 , 0 , 0 , 0 , 0 , 0 
 0 , 0 , 0 , 0 , 0 , 0 , 0 , 0 
 0 , 0 , 0 , 0 , 0 , 0 , 0 , 0 
 0 , 0 , 0 , 0 , 0 , 0 , 0 , 0 
 0 , 0 , 0 , 0 , 0 , 0 , 0 , 0 
 0 , 0 , 0 , 0 , 0 , 0 , 0 , 0 
 0 , 0 , 0 , 0 , 0 , 0 , 0 , 0 
 0 , 0 , 0 , 0 , 0 , 0 , 0 , 0 
 0 , 0 , 0 , 0 , 0 , 0 , 0 , 0 
 0 , 0 , 0 , 0 , 0 , 0 , 0 , 0 
 0 , 0 , 0 , 0 , 0 , 0 , 0 , 0 
 0 , 0 , 0 , 0 , 0 , 0 , 0 , 0 
 0 , 0 , 0 , 0 , 0 , 0 , 0 , 0 
 0 , 0 , 0 , 0 , 0 , 0 , 0 , 0 
 0 , 0 , 0 , 0 , 0 , 0 , 0 , 0 
 0 , 0 , 0 , 0 , 0 , 0 , 0 , 0 
 0 , 0 , 0 , 0 , 0 , 0 , 0 , 0 
 0 , 0 , 0 , 0 , 0 , 0 , 0 , 0 
 0 , 0 , 0 , 0 , 0 , 0 , 0 , 0 
 0 , 0 , 0 , 0 , 0 , 0 , 0 , 0 
 0 , 0 , 0 , 0 , 0 , 0 , 0 , 0 
 0 , 0 , 0 , 0 , 0 , 0 , 0 , 0 
 0 , 0 , 0 , 0 , 0 , 0 , 0 , 0 
 0 , 0 , 0 , 0 , 0 , 0 , 0 , 0 
 0 , 0 , 0 , 0 , 0 , 0 , 0 , 0 
 0 , 0 , 0 , 0 , 0 , 0 , 0 , 0 
 0 , 0 , 0 , 0 , 0 , 0 , 0 , 0 
 0 , 0 , 0 , 0 , 0 , 0 , 0 , 0 
 0 , 0 , 0 , 0 , 0 , 0 , 0 , 0 
 0 , 0 , 0 , 0 , 0 , 0 , 0 , 0 
 0 , 0 , 0 , 0 , 0 , 0 , 0 , 0 
 0 , 0 , 0 , 0 , 0 , 0 , 0 , 0 
 0 , 0 , 0 , 0 , 0 , 0 , 0 , 0 
 0 , 0 , 0 , 0 , 0 , 0 , 0 , 0 
 0 , 0 , 0 , 0 , 0 , 0 , 0 , 0 
 0 , 0 , 0 , 0 , 0 , 0 , 0 , 0 
 0 , 0 , 0 , 0 , 0 , 0 , 0 , 0 
 0 , 0 , 0 , 0 , 0 , 0 , 0 , 0 
 0 , 0 , 0 , 0 , 0 , 0 , 0 , 0 
 0 , 0 , 0 , 0 , 0 , 0 , 0 , 0 
 0 , 0 , 0 , 0 , 0 , 0 , 0 , 0 
 0 , 0 , 0 , 0 , 0 , 0 , 0 , 0 
 0 , 0 , 0 , 0 , 0 , 0 , 0 , 0 
 0 , 0 , 0 , 0 , 0 , 0 , 0 , 0 
 0 , 0 , 0 , 0 , 0 , 0 , 0 , 0 
 0 , 0 , 0 , 0 , 0 , 0 , 0 , 0 
 0 , 0 , 0 , 0 , 0 , 0 , 0 , 0 
 0 , 0 , 0 , 0 , 0 , 0 , 0 , 0 
 0 , 0 , 0 , 0 , 0 , 0 , 0 , 0 
 0 , 0 , 0 , 0 , 0 , 0 , 0 , 0 
 0 , 0 , 0 , 0 , 0 , 0 , 0 , 0 
 0 , 0 , 0 , 0 , 0 , 0 , 0 , 0 
 0 , 0 , 0 , 0 , 0 , 0 , 0 , 0 
 0 , 0 , 0 , 0 , 0 , 0 , 0 , 0 
 0 , 0 , 0 , 0 , 0 , 0 , 0 , 0 
 0 , 0 , 0 , 0 , 0 , 0 , 0 , 0 
 0 , 0 , 0 , 0 , 0 , 0 , 0 , 0 
 0 , 0 , 0 , 0 , 0 , 0 , 0 , 0 
 0 , 0 , 0 , 0 , 0 , 0 , 0 , 0 
 0 , 0 , 0 , 0 , 0 , 0 , 0 , 0 
 0 , 0 , 0 , 0 , 0 , 0 , 0 , 0 
 0 , 0 , 0 , 0 , 0 , 0 , 0 , 0 
 0 , 0 , 0 , 0 , 0 , 0 , 0 , 0 
 0 , 0 , 0 , 0 , 0 , 0 , 0 , 0 
 0 , 0 , 0 , 0 , 0 , 0 , 0 , 0 
 0 , 0 , 0 , 0 , 0 , 0 , 0 , 0 
 0 , 0 , 0 , 0 , 0 , 0 , 0 , 0 
 0 , 0 , 0 , 0 , 0 , 0 , 0 , 0 
 0 , 0 , 0 , 0 , 0 , 0 , 0 , 0 
 0 , 0 , 0 , 0 , 0 , 0 , 0 , 0 
 0 , 0 , 0 , 0 , 0 , 0 , 0 , 0 
 0 , 0 , 0 , 0 , 0 , 0 , 0 , 0 
 0 , 0 , 0 , 0 , 0 , 0 , 0 , 0 
 0 , 0 , 0 , 0 , 0 , 0 , 0 , 0 
 0 , 0 , 0 , 0 , 0 , 0 , 0 , 0 
 0 , 0 , 0 , 0 , 0 , 0 , 0 , 0 
 0 , 0 , 0 , 0 , 0 , 0 , 0 , 0 
 0 , 0 , 0 , 0 , 0 , 0 , 0 , 0 
 0 , 0 , 0 , 0 , 0 , 0 , 0 , 0 
 0 , 0 , 0 , 0 , 0 , 0 , 0 , 0 
 0 , 0 , 0 , 0 , 0 , 0 , 0 , 0 
 0 , 0 , 0 , 0 , 0 , 0 , 0 , 0 
 0 , 0 , 0 , 0 , 0 , 0 , 0 , 0 
 0 , 0 , 0 , 0 , 0 , 0 , 0 , 0 
 0 , 0 , 0 , 0 , 0 , 0 , 0 , 0 
 0 , 0 , 0 , 0 , 0 , 0 , 0 , 0 
 0 , 0 , 0 , 0 , 0 , 0 , 0 , 0 
 0 , 0 , 0 , 0 , 0 , 0 , 0 , 0 
 0 , 0 , 0 , 0 , 0 , 0 , 0 , 0 
 0 , 0 , 0 , 0 , 0 , 0 , 0 , 0 
 0 , 0 , 0 , 0 , 0 , 0 , 0 , 0 
 0 , 0 , 0 , 0 , 0 , 0 , 0 , 0 
 0 , 0 , 0 , 0 , 0 , 0 , 0 , 0 
 0 , 0 , 0 , 0 , 0 , 0 , 0 , 0 
 0 , 0 , 0 , 0 , 0 , 0 , 0 , 0 
 0 , 0 , 0 , 0 , 0 , 0 , 0 , 0 
 0 , 0 , 0 , 0 , 0 , 0 , 0 , 0 
 0 , 0 , 0 , 0 , 0 , 0 , 0 , 0 
 0 , 0 , 0 , 0 , 0 , 0 , 0 , 0 
 0 , 0 , 0 , 0 , 0 , 0 , 0 , 0 
 0 , 0 , 0 , 0 , 0 , 0 , 0 , 0 
 0 , 0 , 0 , 0 , 0 , 0 , 0 , 0 
 0 , 0 , 0 , 0 , 0 , 0 , 0 , 0 
 0 , 0 , 0 , 0 , 0 , 0 , 0 , 0 
 0 , 0 , 0 , 0 , 0 , 0 , 0 , 0 
 0 , 0 , 0 , 0 , 0 , 0 , 0 , 0 
 0 , 0 , 0 , 0 , 0 , 0 , 0 , 0 
 0 , 0 , 0 , 0 , 0 , 0 , 0 , 0 
 0 , 0 , 0 , 0 , 0 , 0 , 0 , 0 
 0 , 0 , 0 , 0 , 0 , 0 , 0 , 0 
 0 , 0 , 0 , 0 , 0 , 0 , 0 , 0 
 0 , 0 , 0 , 0 , 0 , 0 , 0 , 0 
 0 , 0 , 0 , 0 , 0 , 0 , 0 , 0 
 0 , 0 , 0 , 0 , 0 , 0 , 0 , 0 
 0 , 0 , 0 , 0 , 0 , 0 , 0 , 0 
 0 , 0 , 0 , 0 , 0 , 0 , 0 , 0 
 0 , 0 , 0 , 0 , 0 , 0 , 0 , 0 
 0 , 0 , 0 , 0 , 0 , 0 , 0 , 0 
 0 , 0 , 0 , 0 , 0 , 0 , 0 , 0 
 0 , 0 , 0 , 0 , 0 , 0 , 0 , 0 
 0 , 0 , 0 , 0 , 0 , 0 , 0 , 0 
 0 , 0 , 0 , 0 , 0 , 0 , 0 , 0 
 0 , 0 , 0 , 0 , 0 , 0 , 0 , 0 
 0 , 0 , 0 , 0 , 0 , 0 , 0 , 0 
 0 , 0 , 0 , 0 , 0 , 0 , 0 , 0 
 0 , 0 , 0 , 0 , 0 , 0 , 0 , 0 
 0 , 0 , 0 , 0 , 0 , 0 , 0 , 0 
 0 , 0 , 0 , 0 , 0 , 0 , 0 , 0 
 0 , 0 , 0 , 0 , 0 , 0 , 0 , 0 
 0 , 0 , 0 , 0 , 0 , 0 , 0 , 0 
 0 , 0 , 0 , 0 , 0 , 0 , 0 , 0 
 0 , 0 , 0 , 0 , 0 , 0 , 0 , 0 
 0 , 0 , 0 , 0 , 0 , 0 , 0 , 0 
 0 , 0 , 0 , 0 , 0 , 0 , 0 , 0 
 0 , 0 , 0 , 0 , 0 , 0 , 0 , 0 
 0 , 0 , 0 , 0 , 0 , 0 , 0 , 0 
 0 , 0 , 0 , 0 , 0 , 0 , 0 , 0 
 0 , 0 , 0 , 0 , 0 , 0 , 0 , 0 
 0 , 0 , 0 , 0 , 0 , 0 , 0 , 0 
 0 , 0 , 0 , 0 , 0 , 0 , 0 , 0 
 0 , 0 , 0 , 0 , 0 , 0 , 0 , 0 
 0 , 0 , 0 , 0 , 0 , 0 , 0 , 0 
 0 , 0 , 0 , 0 , 0 , 0 , 0 , 0 
 0 , 0 , 0 , 0 , 0 , 0 , 0 , 0 
 0 , 0 , 0 , 0 , 0 , 0 , 0 , 0 
 0 , 0 , 0 , 0 , 0 , 0 , 0 , 0 
 0 , 0 , 0 , 0 , 0 , 0 , 0 , 0 
 0 , 0 , 0 , 0 , 0 , 0 , 0 , 0 
 0 , 0 , 0 , 0 , 0 , 0 , 0 , 0 
 0 , 0 , 0 , 0 , 0 , 0 , 0 , 0 
 0 , 0 , 0 , 0 , 0 , 0 , 0 , 0 
 0 , 0 , 0 , 0 , 0 , 0 , 0 , 0 
 0 , 0 , 0 , 0 , 0 , 0 , 0 , 0 
 0 , 0 , 0 , 0 , 0 , 0 , 0 , 0 
 0 , 0 , 0 , 0 , 0 , 0 , 0 , 0 
 0 , 0 , 0 , 0 , 0 , 0 , 0 , 0 
 0 , 0 , 0 , 0 , 0 , 0 , 0 , 0 
 0 , 0 , 0 , 0 , 0 , 0 , 0 , 0 
 0 , 0 , 0 , 0 , 0 , 0 , 0 , 0 
 0 , 0 , 0 , 0 , 0 , 0 , 0 , 0 
 0 , 0 , 0 , 0 , 0 , 0 , 0 , 0 
 0 , 0 , 0 , 0 , 0 , 0 , 0 , 0 
 0 , 0 , 0 , 0 , 0 , 0 , 0 , 0 
 0 , 0 , 0 , 0 , 0 , 0 , 0 , 0 
 0 , 0 , 0 , 0 , 0 , 0 , 0 , 0 
 0 , 0 , 0 , 0 , 0 , 0 , 0 , 0 
 0 , 0 , 0 , 0 , 0 , 0 , 0 , 0 
 0 , 0 , 0 , 0 , 0 , 0 , 0 , 0 
 0 , 0 , 0 , 0 , 0 , 0 , 0 , 0 
 0 , 0 , 0 , 0 , 0 , 0 , 0 , 0 
 0 , 0 , 0 , 0 , 0 , 0 , 0 , 0 
 0 , 0 , 0 , 0 , 0 , 0 , 0 , 0 
 0 , 0 , 0 , 0 , 0 , 0 , 0 , 0 
 0 , 0 , 0 , 0 , 0 , 0 , 0 , 0 
 0 , 0 , 0 , 0 , 0 , 0 , 0 , 0 
 0 , 0 , 0 , 0 , 0 , 0 , 0 , 0 
 0 , 0 , 0 , 0 , 0 , 0 , 0 , 0 
 0 , 0 , 0 , 0 , 0 , 0 , 0 , 0 
 0 , 0 , 0 , 0 , 0 , 0 , 0 , 0 
 0 , 0 , 0 , 0 , 0 , 0 , 0 , 0 
 0 , 0 , 0 , 0 , 0 , 0 , 0 , 0 
 0 , 0 , 0 , 0 , 0 , 0 , 0 , 0 
 0 , 0 , 0 , 0 , 0 , 0 , 0 , 0 
 0 , 0 , 0 , 0 , 0 , 0 , 0 , 0 
 0 , 0 , 0 , 0 , 0 , 0 , 0 , 0 
 0 , 0 , 0 , 0 , 0 , 0 , 0 , 0 
 0 , 0 , 0 , 0 , 0 , 0 , 0 , 0 
 0 , 0 , 0 , 0 , 0 , 0 , 0 , 0 
 0 , 0 , 0 , 0 , 0 , 0 , 0 , 0 
 0 , 0 , 0 , 0 , 0 , 0 , 0 , 0 
 0 , 0 , 0 , 0 , 0 , 0 , 0 , 0 
 0 , 0 , 0 , 0 , 0 , 0 , 0 , 0 
 0 , 0 , 0 , 0 , 0 , 0 , 0 , 0 
 0 , 0 , 0 , 0 , 0 , 0 , 0 , 0 
 0 , 0 , 0 , 0 , 0 , 0 , 0 , 0 
 0 , 0 , 0 , 0 , 0 , 0 , 0 , 0 
 0 , 0 , 0 , 0 , 0 , 0 , 0 , 0 
 0 , 0 , 0 , 0 , 0 , 0 , 0 , 0 
 0 , 0 , 0 , 0 , 0 , 0 , 0 , 0 
 0 , 0 , 0 , 0 , 0 , 0 , 0 , 0 
 0 , 0 , 0 , 0 , 0 , 0 , 0 , 0 
 0 , 0 , 0 , 0 , 0 , 0 , 0 , 0 
 0 , 0 , 0 , 0 , 0 , 0 , 0 , 0 
 0 , 0 , 0 , 0 , 0 , 0 , 0 , 0 
 0 , 0 , 0 , 0 , 0 , 0 , 0 , 0 
 0 , 0 , 0 , 0 , 0 , 0 , 0 , 0 
 0 , 0 , 0 , 0 , 0 , 0 , 0 , 0 
 0 , 0 , 0 , 0 , 0 , 0 , 0 , 0 
 0 , 0 , 0 , 0 , 0 , 0 , 0 , 0 
 0 , 0 , 0 , 0 , 0 , 0 , 0 , 0 
 0 , 0 , 0 , 0 , 0 , 0 , 0 , 0 
 0 , 0 , 0 , 0 , 0 , 0 , 0 , 0 
 0 , 0 , 0 , 0 , 0 , 0 , 0 , 0 
 0 , 0 , 0 , 0 , 0 , 0 , 0 , 0 
 0 , 0 , 0 , 0 , 0 , 0 , 0 , 0 
 0 , 0 , 0 , 0 , 0 , 0 , 0 , 0 
 0 , 0 , 0 , 0 , 0 , 0 , 0 , 0 
 0 , 0 , 0 , 0 , 0 , 0 , 0 , 0 
 0 , 0 , 0 , 0 , 0 , 0 , 0 , 0 
 0 , 0 , 0 , 0 , 0 , 0 , 0 , 0 
 0 , 0 , 0 , 0 , 0 , 0 , 0 , 0 
 0 , 0 , 0 , 0 , 0 , 0 , 0 , 0 
 0 , 0 , 0 , 0 , 0 , 0 , 0 , 0 
 0 , 0 , 0 , 0 , 0 , 0 , 0 , 0 
 0 , 0 , 0 , 0 , 0 , 0 , 0 , 0 
 0 , 0 , 0 , 0 , 0 , 0 , 0 , 0 
 0 , 0 , 0 , 0 , 0 , 0 , 0 , 0 
 0 , 0 , 0 , 0 , 0 , 0 , 0 , 0 
 0 , 0 , 0 , 0 , 0 , 0 , 0 , 0 
 0 , 0 , 0 , 0 , 0 , 0 , 0 , 0 
 0 , 0 , 0 , 0 , 0 , 0 , 0 , 0 
 0 , 0 , 0 , 0 , 0 , 0 , 0 , 0 
 0 , 0 , 0 , 0 , 0 , 0 , 0 , 0 
 0 , 0 , 0 , 0 , 0 , 0 , 0 , 0 
 0 , 0 , 0 , 0 , 0 , 0 , 0 , 0 
 0 , 0 , 0 , 0 , 0 , 0 , 0 , 0 
 0 , 0 , 0 , 0 , 0 , 0 , 0 , 0 
 0 , 0 , 0 , 0 , 0 , 0 , 0 , 0 
 0 , 0 , 0 , 0 , 0 , 0 , 0 , 0 
 0 , 0 , 0 , 0 , 0 , 0 , 0 , 0 
 0 , 0 , 0 , 0 , 0 , 0 , 0 , 0 
 0 , 0 , 0 , 0 , 0 , 0 , 0 , 0 
 0 , 0 , 0 , 0 , 0 , 0 , 0 , 0 
 0 , 0 , 0 , 0 , 0 , 0 , 0 , 0 
 0 , 0 , 0 , 0 , 0 , 0 , 0 , 0 
 0 , 0 , 0 , 0 , 0 , 0 , 0 , 0 
 0 , 0 , 0 , 0 , 0 , 0 , 0 , 0 
 0 , 0 , 0 , 0 , 0 , 0 , 0 , 0 
 0 , 0 , 0 , 0 , 0 , 0 , 0 , 0 
 0 , 0 , 0 , 0 , 0 , 0 , 0 , 0 
 0 , 0 , 0 , 0 , 0 , 0 , 0 , 0 
 0 , 0 , 0 , 0 , 0 , 0 , 0 , 0 
 0 , 0 , 0 , 0 , 0 , 0 , 0 , 0 
 0 , 0 , 0 , 0 , 0 , 0 , 0 , 0 
 0 , 0 , 0 , 0 , 0 , 0 , 0 , 0 
 0 , 0 , 0 , 0 , 0 , 0 , 0 , 0 
 0 , 0 , 0 , 0 , 0 , 0 , 0 , 0 
 0 , 0 , 0 , 0 , 0 , 0 , 0 , 0 
 0 , 0 , 0 , 0 , 0 , 0 , 0 , 0 
 0 , 0 , 0 , 0 , 0 , 0 , 0 , 0 
 0 , 0 , 0 , 0 , 0 , 0 , 0 , 0 
 0 , 0 , 0 , 0 , 0 , 0 , 0 , 0 
 0 , 0 , 0 , 0 , 0 , 0 , 0 , 0 
 0 , 0 , 0 , 0 , 0 , 0 , 0 , 0 
 0 , 0 , 0 , 0 , 0 , 0 , 0 , 0 
 0 , 0 , 0 , 0 , 0 , 0 , 0 , 0 
 0 , 0 , 0 , 0 , 0 , 0 , 0 , 0 
 0 , 0 , 0 , 0 , 0 , 0 , 0 , 0 
 0 , 0 , 0 , 0 , 0 , 0 , 0 , 0 
 0 , 0 , 0 , 0 , 0 , 0 , 0 , 0 
 0 , 0 , 0 , 0 , 0 , 0 , 0 , 0 
 0 , 0 , 0 , 0 , 0 , 0 , 0 , 0 
 0 , 0 , 0 , 0 , 0 , 0 , 0 , 0 
 0 , 0 , 0 , 0 , 0 , 0 , 0 , 0 
 0 , 0 , 0 , 0 , 0 , 0 , 0 , 0 
 0 , 0 , 0 , 0 , 0 , 0 , 0 , 0 
 0 , 0 , 0 , 0 , 0 , 0 , 0 , 0 
 0 , 0 , 0 , 0 , 0 , 0 , 0 , 0 
 0 , 0 , 0 , 0 , 0 , 0 , 0 , 0 
 0 , 0 , 0 , 0 , 0 , 0 , 0 , 0 
 0 , 0 , 0 , 0 , 0 , 0 , 0 , 0 
 0 , 0 , 0 , 0 , 0 , 0 , 0 , 0 
 0 , 0 , 0 , 0 , 0 , 0 , 0 , 0 
 0 , 0 , 0 , 0 , 0 , 0 , 0 , 0 
 0 , 0 , 0 , 0 , 0 , 0 , 0 , 0 
 0 , 0 , 0 , 0 , 0 , 0 , 0 , 0 
 0 , 0 , 0 , 0 , 0 , 0 , 0 , 0 
 0 , 0 , 0 , 0 , 0 , 0 , 0 , 0 
 0 , 0 , 0 , 0 , 0 , 0 , 0 , 0 
 0 , 0 , 0 , 0 , 0 , 0 , 0 , 0 
 0 , 0 , 0 , 0 , 0 , 0 , 0 , 0 
 0 , 0 , 0 , 0 , 0 , 0 , 0 , 0 
 0 , 0 , 0 , 0 , 0 , 0 , 0 , 0 
 0 , 0 , 0 , 0 , 0 , 0 , 0 , 0 
 0 , 0 , 0 , 0 , 0 , 0 , 0 , 0 
 0 , 0 , 0 , 0 , 0 , 0 , 0 , 0 
 0 , 0 , 0 , 0 , 0 , 0 , 0 , 0 
 0 , 0 , 0 , 0 , 0 , 0 , 0 , 0 
 0 , 0 , 0 , 0 , 0 , 0 , 0 , 0 
 0 , 0 , 0 , 0 , 0 , 0 , 0 , 0 
 0 , 0 , 0 , 0 , 0 , 0 , 0 , 0 
 0 , 0 , 0 , 0 , 0 , 0 , 0 , 0 
 0 , 0 , 0 , 0 , 0 , 0 , 0 , 0 
 0 , 0 , 0 , 0 , 0 , 0 , 0 , 0 
 0 , 0 , 0 , 0 , 0 , 0 , 0 , 0 
 0 , 0 , 0 , 0 , 0 , 0 , 0 , 0 
 0 , 0 , 0 , 0 , 0 , 0 , 0 , 0 
 0 , 0 , 0 , 0 , 0 , 0 , 0 , 0 
 0 , 0 , 0 , 0 , 0 , 0 , 0 , 0 
 0 , 0 , 0 , 0 , 0 , 0 , 0 , 0 
 0 , 0 , 0 , 0 , 0 , 0 , 0 , 0 
 0 , 0 , 0 , 0 , 0 , 0 , 0 , 0 
 0 , 0 , 0 , 0 , 0 , 0 , 0 , 0 
 0 , 0 , 0 , 0 , 0 , 0 , 0 , 0 
 0 , 0 , 0 , 0 , 0 , 0 , 0 , 0 
 0 , 0 , 0 , 0 , 0 , 0 , 0 , 0 
 0 , 0 , 0 , 0 , 0 , 0 , 0 , 0 
 0 , 0 , 0 , 0 , 0 , 0 , 0 , 0 
 0 , 0 , 0 , 0 , 0 , 0 , 0 , 0 
 0 , 0 , 0 , 0 , 0 , 0 , 0 , 0 
 0 , 0 , 0 , 0 , 0 , 0 , 0 , 0 
 0 , 0 , 0 , 0 , 0 , 0 , 0 , 0 
 0 , 0 , 0 , 0 , 0 , 0 , 0 , 0 
 0 , 0 , 0 , 0 , 0 , 0 , 0 , 0 
 0 , 0 , 0 , 0 , 0 , 0 , 0 , 0 
 0 , 0 , 0 , 0 , 0 , 0 , 0 , 0 
 0 , 0 , 0 , 0 , 0 , 0 , 0 , 0 
 0 , 0 , 0 , 0 , 0 , 0 , 0 , 0 
 0 , 0 , 0 , 0 , 0 , 0 , 0 , 0 
 0 , 0 , 0 , 0 , 0 , 0 , 0 , 0 
 0 , 0 , 0 , 0 , 0 , 0 , 0 , 0 
 0 , 0 , 0 , 0 , 0 , 0 , 0 , 0 
 0 , 0 , 0 , 0 , 0 , 0 , 0 , 0 
 0 , 0 , 0 , 0 , 0 , 0 , 0 , 0 
 0 , 0 , 0 , 0 , 0 , 0 , 0 , 0 
 0 , 0 , 0 , 0 , 0 , 0 , 0 , 0 
 0 , 0 , 0 , 0 , 0 , 0 , 0 , 0 
 0 , 0 , 0 , 0 , 0 , 0 , 0 , 0 
 0 , 0 , 0 , 0 , 0 , 0 , 0 , 0 
 0 , 0 , 0 , 0 , 0 , 0 , 0 , 0 
 0 , 0 , 0 , 0 , 0 , 0 , 0 , 0 
 0 , 0 , 0 , 0 , 0 , 0 , 0 , 0 
 0 , 0 , 0 , 0 , 0 , 0 , 0 , 0 
 0 , 0 , 0 , 0 , 0 , 0 , 0 , 0 
 0 , 0 , 0 , 0 , 0 , 0 , 0 , 0 
 0 , 0 , 0 , 0 , 0 , 0 , 0 , 0 
 0 , 0 , 0 , 0 , 0 , 0 , 0 , 0 
 0 , 0 , 0 , 0 , 0 , 0 , 0 , 0 
 0 , 0 , 0 , 0 , 0 , 0 , 0 , 0 
 0 , 0 , 0 , 0 , 0 , 0 , 0 , 0 
 0 , 0 , 0 , 0 , 0 , 0 , 0 , 0 
 0 , 0 , 0 , 0 , 0 , 0 , 0 , 0 
 0 , 0 , 0 , 0 , 0 , 0 , 0 , 0 
 0 , 0 , 0 , 0 , 0 , 0 , 0 , 0 
 0 , 0 , 0 , 0 , 0 , 0 , 0 , 0 
 0 , 0 , 0 , 0 , 0 , 0 , 0 , 0 
 0 , 0 , 0 , 0 , 0 , 0 , 0 , 0 
 0 , 0 , 0 , 0 , 0 , 0 , 0 , 0 
 0 , 0 , 0 , 0 , 0 , 0 , 0 , 0 
 0 , 0 , 0 , 0 , 0 , 0 , 0 , 0 
 0 , 0 , 0 , 0 , 0 , 0 , 0 , 0 
 0 , 0 , 0 , 0 , 0 , 0 , 0 , 0 
 0 , 0 , 0 , 0 , 0 , 0 , 0 , 0 
 0 , 0 , 0 , 0 , 0 , 0 , 0 , 0 
 0 , 0 , 0 , 0 , 0 , 0 , 0 , 0 
 0 , 0 , 0 , 0 , 0 , 0 , 0 , 0 
 0 , 0 , 0 , 0 , 0 , 0 , 0 , 0 
 0 , 0 , 0 , 0 , 0 , 0 , 0 , 0 
 0 , 0 , 0 , 0 , 0 , 0 , 0 , 0 
 0 , 0 , 0 , 0 , 0 , 0 , 0 , 0 
 0 , 0 , 0 , 0 , 0 , 0 , 0 , 0 
 0 , 0 , 0 , 0 , 0 , 0 , 0 , 0 
 0 , 0 , 0 , 0 , 0 , 0 , 0 , 0 
 0 , 0 , 0 , 0 , 0 , 0 , 0 , 0 
 0 , 0 , 0 , 0 , 0 , 0 , 0 , 0 
 0 , 0 , 0 , 0 , 0 , 0 , 0 , 0 
 0 , 0 , 0 , 0 , 0 , 0 , 0 , 0 
 0 , 0 , 0 , 0 , 0 , 0 , 0 , 0 
 0 , 0 , 0 , 0 , 0 , 0 , 0 , 0 
 0 , 0 , 0 , 0 , 0 , 0 , 0 , 0 
 0 , 0 , 0 , 0 , 0 , 0 , 0 , 0 
 0 , 0 , 0 , 0 , 0 , 0 , 0 , 0 
 0 , 0 , 0 , 0 , 0 , 0 , 0 , 0 
 0 , 0 , 0 , 0 , 0 , 0 , 0 , 0 
 0 , 0 , 0 , 0 , 0 , 0 , 0 , 0 
 0 , 0 , 0 , 0 , 0 , 0 , 0 , 0 
 0 , 0 , 0 , 0 , 0 , 0 , 0 , 0 
 0 , 0 , 0 , 0 , 0 , 0 , 0 , 0 
 0 , 0 , 0 , 0 , 0 , 0 , 0 , 0 
 0 , 0 , 0 , 0 , 0 , 0 , 0 , 0 
 0 , 0 , 0 , 0 , 0 , 0 , 0 , 0 
 0 , 0 , 0 , 0 , 0 , 0 , 0 , 0 
 0 , 0 , 0 , 0 , 0 , 0 , 0 , 0 
 0 , 0 , 0 , 0 , 0 , 0 , 0 , 0 
 0 , 0 , 0 , 0 , 0 , 0 , 0 , 0 
 0 , 0 , 0 , 0 , 0 , 0 , 0 , 0 
 0 , 0 , 0 , 0 , 0 , 0 , 0 , 0 
 0 , 0 , 0 , 0 , 0 , 0 , 0 , 0 
 0 , 0 , 0 , 0 , 0 , 0 , 0 , 0 
 0 , 0 , 0 , 0 , 0 , 0 , 0 , 0 
 0 , 0 , 0 , 0 , 0 , 0 , 0 , 0 
 0 , 0 , 0 , 0 , 0 , 0 , 0 , 0 
 0 , 0 , 0 , 0 , 0 , 0 , 0 , 0 
 0 , 0 , 0 , 0 , 0 , 0 , 0 , 0 
 0 , 0 , 0 , 0 , 0 , 0 , 0 , 0 
 0 , 0 , 0 , 0 , 0 , 0 , 0 , 0 
 0 , 0 , 0 , 0 , 0 , 0 , 0 , 0 
 0 , 0 , 0 , 0 , 0 , 0 , 0 , 0 
 0 , 0 , 0 , 0 , 0 , 0 , 0 , 0 
 0 , 0 , 0 , 0 , 0 , 0 , 0 , 0 
 0 , 0 , 0 , 0 , 0 , 0 , 0 , 0 
 0 , 0 , 0 , 0 , 0 , 0 , 0 , 0 
 0 , 0 , 0 , 0 , 0 , 0 , 0 , 0 
 0 , 0 , 0 , 0 , 0 , 0 , 0 , 0 
 0 , 0 , 0 , 0 , 0 , 0 , 0 , 0 
 0 , 0 , 0 , 0 , 0 , 0 , 0 , 0 
 0 , 0 , 0 , 0 , 0 , 0 , 0 , 0 
 0 , 0 , 0 , 0 , 0 , 0 , 0 , 0 
 0 , 0 , 0 , 0 , 0 , 0 , 0 , 0 
 0 , 0 , 0 , 0 , 0 , 0 , 0 , 0 
 0 , 0 , 0 , 0 , 0 , 0 , 0 , 0 
 0 , 0 , 0 , 0 , 0 , 0 , 0 , 0 
 0 , 0 , 0 , 0 , 0 , 0 , 0 , 0 
 0 , 0 , 0 , 0 , 0 , 0 , 0 , 0 
 0 , 0 , 0 , 0 , 0 , 0 , 0 , 0 
 0 , 0 , 0 , 0 , 0 , 0 , 0 , 0 
 0 , 0 , 0 , 0 , 0 , 0 , 0 , 0 
 0 , 0 , 0 , 0 , 0 , 0 , 0 , 0 
 0 , 0 , 0 , 0 , 0 , 0 , 0 , 0 
 0 , 0 , 0 , 0 , 0 , 0 , 0 , 0 
 0 , 0 , 0 , 0 , 0 , 0 , 0 , 0 
 0 , 0 , 0 , 0 , 0 , 0 , 0 , 0 
 0 , 0 , 0 , 0 , 0 , 0 , 0 , 0 
 0 , 0 , 0 , 0 , 0 , 0 , 0 , 0 
 0 , 0 , 0 , 0 , 0 , 0 , 0 , 0 
 0 , 0 , 0 , 0 , 0 , 0 , 0 , 0 
 0 , 0 , 0 , 0 , 0 , 0 , 0 , 0 
 0 , 0 , 0 , 0 , 0 , 0 , 0 , 0 
 0 , 0 , 0 , 0 , 0 , 0 , 0 , 0 
 0 , 0 , 0 , 0 , 0 , 0 , 0 , 0 
 0 , 0 , 0 , 0 , 0 , 0 , 0 , 0 
 0 , 0 , 0 , 0 , 0 , 0 , 0 , 0 
 0 , 0 , 0 , 0 , 0 , 0 , 0 , 0 
 0 , 0 , 0 , 0 , 0 , 0 , 0 , 0 
 0 , 0 , 0 , 0 , 0 , 0 , 0 , 0 
 0 , 0 , 0 , 0 , 0 , 0 , 0 , 0 
 0 , 0 , 0 , 0 , 0 , 0 , 0 , 0 
 0 , 0 , 0 , 0 , 0 , 0 , 0 , 0 
 0 , 0 , 0 , 0 , 0 , 0 , 0 , 0 
 0 , 0 , 0 , 0 , 0 , 0 , 0 , 0 
 0 , 0 , 0 , 0 , 0 , 0 , 0 , 0 
 0 , 0 , 0 , 0 , 0 , 0 , 0 , 0 
 0 , 0 , 0 , 0 , 0 , 0 , 0 , 0 
 0 , 0 , 0 , 0 , 0 , 0 , 0 , 0 
 0 , 0 , 0 , 0 , 0 , 0 , 0 , 0 
 0 , 0 , 0 , 0 , 0 , 0 , 0 , 0 
 0 , 0 , 0 , 0 , 0 , 0 , 0 , 0 
 0 , 0 , 0 , 0 , 0 , 0 , 0 , 0 
 0 , 0 , 0 , 0 , 0 , 0 , 0 , 0 
 0 , 0 , 0 , 0 , 0 , 0 , 0 , 0 
 0 , 0 , 0 , 0 , 0 , 0 , 0 , 0 
 0 , 0 , 0 , 0 , 0 , 0 , 0 , 0 
 0 , 0 , 0 , 0 , 0 , 0 , 0 , 0 
 0 , 0 , 0 , 0 , 0 , 0 , 0 , 0 
 0 , 0 , 0 , 0 , 0 , 0 , 0 , 0 
 0 , 0 , 0 , 0 , 0 , 0 , 0 , 0 
 0 , 0 , 0 , 0 , 0 , 0 , 0 , 0 
 0 , 0 , 0 , 0 , 0 , 0 , 0 , 0 
 0 , 0 , 0 , 0 , 0 , 0 , 0 , 0 
 0 , 0 , 0 , 0 , 0 , 0 , 0 , 0 
 0 , 0 , 0 , 0 , 0 , 0 , 0 , 0 
 0 , 0 , 0 , 0 , 0 , 0 , 0 , 0 
 0 , 0 , 0 , 0 , 0 , 0 , 0 , 0 
 0 , 0 , 0 , 0 , 0 , 0 , 0 , 0 
 0 , 0 , 0 , 0 , 0 , 0 , 0 , 0 
 0 , 0 , 0 , 0 , 0 , 0 , 0 , 0 
 0 , 0 , 0 , 0 , 0 , 0 , 0 , 0 
 0 , 0 , 0 , 0 , 0 , 0 , 0 , 0 
 0 , 0 , 0 , 0 , 0 , 0 , 0 , 0 
 0 , 0 , 0 , 0 , 0 , 0 , 0 , 0 
 0 , 0 , 0 , 0 , 0 , 0 , 0 , 0 
 0 , 0 , 0 , 0 , 0 , 0 , 0 , 0 
 0 , 0 , 0 , 0 , 0 , 0 , 0 , 0 
 0 , 0 , 0 , 0 , 0 , 0 , 0 , 0 
 0 , 0 , 0 , 0 , 0 , 0 , 0 , 0 
 0 , 0 , 0 , 0 , 0 , 0 , 0 , 0 
 0 , 0 , 0 , 0 , 0 , 0 , 0 , 0 
 0 , 0 , 0 , 0 , 0 , 0 , 0 , 0 
 0 , 0 , 0 , 0 , 0 , 0 , 0 , 0 
 0 , 0 , 0 , 0 , 0 , 0 , 0 , 0 
 0 , 0 , 0 , 0 , 0 , 0 , 0 , 0 
 0 , 0 , 0 , 0 , 0 , 0 , 0 , 0 
 0 , 0 , 0 , 0 , 0 , 0 , 0 , 0 
 0 , 0 , 0 , 0 , 0 , 0 , 0 , 0 
 0 , 0 , 0 , 0 , 0 , 0 , 0 , 0 
 0 , 0 , 0 , 0 , 0 , 0 , 0 , 0 
 0 , 0 , 0 , 0 , 0 , 0 , 0 , 0 
 0 , 0 , 0 , 0 , 0 , 0 , 0 , 0 
 0 , 0 , 0 , 0 , 0 , 0 , 0 , 0 
 0 , 0 , 0 , 0 , 0 , 0 , 0 , 0 
 0 , 0 , 0 , 0 , 0 , 0 , 0 , 0 
 0 , 0 , 0 , 0 , 0 , 0 , 0 , 0 
 0 , 0 , 0 , 0 , 0 , 0 , 0 , 0 
 0 , 0 , 0 , 0 , 0 , 0 , 0 , 0 
 0 , 0 , 0 , 0 , 0 , 0 , 0 , 0 
 0 , 0 , 0 , 0 , 0 , 0 , 0 , 0 
 0 , 0 , 0 , 0 , 0 , 0 , 0 , 0 
 0 , 0 , 0 , 0 , 0 , 0 , 0 , 0 
 0 , 0 , 0 , 0 , 0 , 0 , 0 , 0 
 0 , 0 , 0 , 0 , 0 , 0 , 0 , 0 
 0 , 0 , 0 , 0 , 0 , 0 , 0 , 0 
 0 , 0 , 0 , 0 , 0 , 0 , 0 , 0 
 0 , 0 , 0 , 0 , 0 , 0 , 0 , 0 
 0 , 0 , 0 , 0 , 0 , 0 , 0 , 0 
 0 , 0 , 0 , 0 , 0 , 0 , 0 , 0 
 0 , 0 , 0 , 0 , 0 , 0 , 0 , 0 
 0 , 0 , 0 , 0 , 0 , 0 , 0 , 0 
 0 , 0 , 0 , 0 , 0 , 0 , 0 , 0 
 0 , 0 , 0 , 0 , 0 , 0 , 0 , 0 
 0 , 0 , 0 , 0 , 0 , 0 , 0 , 0 
 0 , 0 , 0 , 0 , 0 , 0 , 0 , 0 
 0 , 0 , 0 , 0 , 0 , 0 , 0 , 0 
 0 , 0 , 0 , 0 , 0 , 0 , 0 , 0 
 0 , 0 , 0 , 0 , 0 , 0 , 0 , 0 
 0 , 0 , 0 , 0 , 0 , 0 , 0 , 0 
 0 , 0 , 0 , 0 , 0 , 0 , 0 , 0 
 0 , 0 , 0 , 0 , 0 , 0 , 0 , 0 
 0 , 0 , 0 , 0 , 0 , 0 , 0 , 0 
 0 , 0 , 0 , 0 , 0 , 0 , 0 , 0 
 0 , 0 , 0 , 0 , 0 , 0 , 0 , 0 
 0 , 0 , 0 , 0 , 0 , 0 , 0 , 0 
 0 , 0 , 0 , 0 , 0 , 0 , 0 , 0 
 0 , 0 , 0 , 0 , 0 , 0 , 0 , 0 
 0 , 0 , 0 , 0 , 0 , 0 , 0 , 0 
 0 , 0 , 0 , 0 , 0 , 0 , 0 , 0 
 0 , 0 , 0 , 0 , 0 , 0 , 0 , 0 
 0 , 0 , 0 , 0 , 0 , 0 , 0 , 0 
 0 , 0 , 0 , 0 , 0 , 0 , 0 , 0 
 0 , 0 , 0 , 0 , 0 , 0 , 0 , 0 
 0 , 0 , 0 , 0 , 0 , 0 , 0 , 0 
 0 , 0 , 0 , 0 , 0 , 0 , 0 , 0 
 0 , 0 , 0 , 0 , 0 , 0 , 0 , 0 
 0 , 0 , 0 , 0 , 0 , 0 , 0 , 0 
 0 , 0 , 0 , 0 , 0 , 0 , 0 , 0 
 0 , 0 , 0 , 0 , 0 , 0 , 0 , 0 
 0 , 0 , 0 , 0 , 0 , 0 , 0 , 0 
 0 , 0 , 0 , 0 , 0 , 0 , 0 , 0 
 0 , 0 , 0 , 0 , 0 , 0 , 0 , 0 
 0 , 0 , 0 , 0 , 0 , 0 , 0 , 0 
 0 , 0 , 0 , 0 , 0 , 0 , 0 , 0 
 0 , 0 , 0 , 0 , 0 , 0 , 0 , 0 
 0 , 0 , 0 , 0 , 0 , 0 , 0 , 0 
 0 , 0 , 0 , 0 , 0 , 0 , 0 , 0 
 0 , 0 , 0 , 0 , 0 , 0 , 0 , 0 
 0 , 0 , 0 , 0 , 0 , 0 , 0 , 0 
 0 , 0 , 0 , 0 , 0 , 0 , 0 , 0 
 0 , 0 , 0 , 0 , 0 , 0 , 0 , 0 
 0 , 0 , 0 , 0 , 0 , 0 , 0 , 0 
 0 , 0 , 0 , 0 , 0 , 0 , 0 , 0 
 0 , 0 , 0 , 0 , 0 , 0 , 0 , 0 
 0 , 0 , 0 , 0 , 0 , 0 , 0 , 0 
 0 , 0 , 0 , 0 , 0 , 0 , 0 , 0 
 0 , 0 , 0 , 0 , 0 , 0 , 0 , 0 
 0 , 0 , 0 , 0 , 0 , 0 , 0 , 0 
 0 , 0 , 0 , 0 , 0 , 0 , 0 , 0 
 0 , 0 , 0 , 0 , 0 , 0 , 0 , 0 
 0 , 0 , 0 , 0 , 0 , 0 , 0 , 0 
 0 , 0 , 0 , 0 , 0 , 0 , 0 , 0 
 0 , 0 , 0 , 0 , 0 , 0 , 0 , 0 
 0 , 0 , 0 , 0 , 0 , 0 , 0 , 0 
 0 , 0 , 0 , 0 , 0 , 0 , 0 , 0 
 0 , 0 , 0 , 0 , 0 , 0 , 0 , 0 
 0 , 0 , 0 , 0 , 0 , 0 , 0 , 0 
 0 , 0 , 0 , 0 , 0 , 0 , 0 , 0 
 0 , 0 , 0 , 0 , 0 , 0 , 0 , 0 
 0 , 0 , 0 , 0 , 0 , 0 , 0 , 0 
 0 , 0 , 0 , 0 , 0 , 0 , 0 , 0 
 0 , 0 , 0 , 0 , 0 , 0 , 0 , 0 
 0 , 0 , 0 , 0 , 0 , 0 , 0 , 0 
 0 , 0 , 0 , 0 , 0 , 0 , 0 , 0 
 0 , 0 , 0 , 0 , 0 , 0 , 0 , 0 
 0 , 0 , 0 , 0 , 0 , 0 , 0 , 0 
 0 , 0 , 0 , 0 , 0 , 0 , 0 , 0 
 0 , 0 , 0 , 0 , 0 , 0 , 0 , 0 
 0 , 0 , 0 , 0 , 0 , 0 , 0 , 0 
 0 , 0 , 0 , 0 , 0 , 0 , 0 , 0 
 0 , 0 , 0 , 0 , 0 , 0 , 0 , 0 
 0 , 0 , 0 , 0 , 0 , 0 , 0 , 0 
 0 , 0 , 0 , 0 , 0 , 0 , 0 , 0 
 0 , 0 , 0 , 0 , 0 , 0 , 0 , 0 
 0 , 0 , 0 , 0 , 0 , 0 , 0 , 0 
 0 , 0 , 0 , 0 , 0 , 0 , 0 , 0 
 0 , 0 , 0 , 0 , 0 , 0 , 0 , 0 
 0 , 0 , 0 , 0 , 0 , 0 , 0 , 0 
 0 , 0 , 0 , 0 , 0 , 0 , 0 , 0 
 0 , 0 , 0 , 0 , 0 , 0 , 0 , 0 
 0 , 0 , 0 , 0 , 0 , 0 , 0 , 0 
 0 , 0 , 0 , 0 , 0 , 0 , 0 , 0 
 0 , 0 , 0 , 0 , 0 , 0 , 0 , 0 
 0 , 0 , 0 , 0 , 0 , 0 , 0 , 0 
 0 , 0 , 0 , 0 , 0 , 0 , 0 , 0 
 0 , 0 , 0 , 0 , 0 , 0 , 0 , 0 
 0 , 0 , 0 , 0 , 0 , 0 , 0 , 0 
 0 , 0 , 0 , 0 , 0 , 0 , 0 , 0 
 0 , 0 , 0 , 0 , 0 , 0 , 0 , 0 
 0 , 0 , 0 , 0 , 0 , 0 , 0 , 0 
 0 , 0 , 0 , 0 , 0 , 0 , 0 , 0 
 0 , 0 , 0 , 0 , 0 , 0 , 0 , 0 
 0 , 0 , 0 , 0 , 0 , 0 , 0 , 0 
 0 , 0 , 0 , 0 , 0 , 0 , 0 , 0 
 0 , 0 , 0 , 0 , 0 , 0 , 0 , 0 
 0 , 0 , 0 , 0 , 0 , 0 , 0 , 0 
 0 , 0 , 0 , 0 , 0 , 0 , 0 , 0 
 0 , 0 , 0 , 0 , 0 , 0 , 0 , 0 
 0 , 0 , 0 , 0 , 0 , 0 , 0 , 0 
 0 , 0 , 0 , 0 , 0 , 0 , 0 , 0 
 0 , 0 , 0 , 0 , 0 , 0 , 0 , 0 
 0 , 0 , 0 , 0 , 0 , 0 , 0 , 0 
 0 , 0 , 0 , 0 , 0 , 0 , 0 , 0 
 0 , 0 , 0 , 0 , 0 , 0 , 0 , 0 
 0 , 0 , 0 , 0 , 0 , 0 , 0 , 0 
 0 , 0 , 0 , 0 , 0 , 0 , 0 , 0 
 0 , 0 , 0 , 0 , 0 , 0 , 0 , 0 
 0 , 0 , 0 , 0 , 0 , 0 , 0 , 0 
 0 , 0 , 0 , 0 , 0 , 0 , 0 , 0 
 0 , 0 , 0 , 0 , 0 , 0 , 0 , 0 
 0 , 0 , 0 , 0 , 0 , 0 , 0 , 0 
 0 , 0 , 0 , 0 , 0 , 0 , 0 , 0 
 0 , 0 , 0 , 0 , 0 , 0 , 0 , 0 
 0 , 0 , 0 , 0 , 0 , 0 , 0 , 0 
 0 , 0 , 0 , 0 , 0 , 0 , 0 , 0 
 0 , 0 , 0 , 0 , 0 , 0 , 0 , 0 
 0 , 0 , 0 , 0 , 0 , 0 , 0 , 0 
 0 , 0 , 0 , 0 , 0 , 0 , 0 , 0 
 0 , 0 , 0 , 0 , 0 , 0 , 0 , 0 
 0 , 0 , 0 , 0 , 0 , 0 , 0 , 0 
 0 , 0 , 0 , 0 , 0 , 0 , 0 , 0 
 0 , 0 , 0 , 0 , 0 , 0 , 0 , 0 
 0 , 0 , 0 , 0 , 0 , 0 , 0 , 0 
 0 , 0 , 0 , 0 , 0 , 0 , 0 , 0 
 0 , 0 , 0 , 0 , 0 , 0 , 0 , 0 
 0 , 0 , 0 , 0 , 0 , 0 , 0 , 0 
 0 , 0 , 0 , 0 , 0 , 0 , 0 , 0 
 0 , 0 , 0 , 0 , 0 , 0 , 0 , 0 
 0 , 0 , 0 , 0 , 0 , 0 , 0 , 0 
 0 , 0 , 0 , 0 , 0 , 0 , 0 , 0 
 0 , 0 , 0 , 0 , 0 , 0 , 0 , 0 
 0 , 0 , 0 , 0 , 0 , 0 , 0 , 0 
 0 , 0 , 0 , 0 , 0 , 0 , 0 , 0 
 0 , 0 , 0 , 0 , 0 , 0 , 0 , 0 
 0 , 0 , 0 , 0 , 0 , 0 , 0 , 0 
 0 , 0 , 0 , 0 , 0 , 0 , 0 , 0 
 0 , 0 , 0 , 0 , 0 , 0 , 0 , 0 
 0 , 0 , 0 , 0 , 0 , 0 , 0 , 0 
 0 , 0 , 0 , 0 , 0 , 0 , 0 , 0 
 0 , 0 , 0 , 0 , 0 , 0 , 0 , 0 
 0 , 0 , 0 , 0 , 0 , 0 , 0 , 0 
 0 , 0 , 0 , 0 , 0 , 0 , 0 , 0 
 0 , 0 , 0 , 0 , 0 , 0 , 0 , 0 
 0 , 0 , 0 , 0 , 0 , 0 , 0 , 0 
 0 , 0 , 0 , 0 , 0 , 0 , 0 , 0 
 0 , 0 , 0 , 0 , 0 , 0 , 0 , 0 
 0 , 0 , 0 , 0 , 0 , 0 , 0 , 0 
 0 , 0 , 0 , 0 , 0 , 0 , 0 , 0 
 0 , 0 , 0 , 0 , 0 , 0 , 0 , 0 
 0 , 0 , 0 , 0 , 0 , 0 , 0 , 0 
 0 , 0 , 0 , 0 , 0 , 0 , 0 , 0 
 0 , 0 , 0 , 0 , 0 , 0 , 0 , 0 
 0 , 0 , 0 , 0 , 0 , 0 , 0 , 0 
 0 , 0 , 0 , 0 , 0 , 0 , 0 , 0 
 0 , 0 , 0 , 0 , 0 , 0 , 0 , 0 
 0 , 0 , 0 , 0 , 0 , 0 , 0 , 0 
 0 , 0 , 0 , 0 , 0 , 0 , 0 , 0 
 0 , 0 , 0 , 0 , 0 , 0 , 0 , 0 
 0 , 0 , 0 , 0 , 0 , 0 , 0 , 0 
 0 , 0 , 0 , 0 , 0 , 0 , 0 , 0 
 0 , 0 , 0 , 0 , 0 , 0 , 0 , 0 
 0 , 0 , 0 , 0 , 0 , 0 , 0 , 0 
 0 , 0 , 0 , 0 , 0 , 0 , 0 , 0 
 0 , 0 , 0 , 0 , 0 , 0 , 0 , 0 
 0 , 0 , 0 , 0 , 0 , 0 , 0 , 0 
 0 , 0 , 0 , 0 , 0 , 0 , 0 , 0 
 0 , 0 , 0 , 0 , 0 , 0 , 0 , 0 
 0 , 0 , 0 , 0 , 0 , 0 , 0 , 0 
 0 , 0 , 0 , 0 , 0 , 0 , 0 , 0 
 0 , 0 , 0 , 0 , 0 , 0 , 0 , 0 
 0 , 0 , 0 , 0 , 0 , 0 , 0 , 0 
 0 , 0 , 0 , 0 , 0 , 0 , 0 , 0 
 0 , 0 , 0 , 0 , 0 , 0 , 0 , 0 
 0 , 0 , 0 , 0 , 0 , 0 , 0 , 0 
 0 , 0 , 0 , 0 , 0 , 0 , 0 , 0 
 0 , 0 , 0 , 0 , 0 , 0 , 0 , 0 
 0 , 0 , 0 , 0 , 0 , 0 , 0 , 0 
 0 , 0 , 0 , 0 , 0 , 0 , 0 , 0 
 0 , 0 , 0 , 0 , 0 , 0 , 0 , 0 
 0 , 0 , 0 , 0 , 0 , 0 , 0 , 0 
 0 , 0 , 0 , 0 , 0 , 0 , 0 , 0 
 0 , 0 , 0 , 0 , 0 , 0 , 0 , 0 
 0 , 0 , 0 , 0 , 0 , 0 , 0 , 0 
 0 , 0 , 0 , 0 , 0 , 0 , 0 , 0 
 0 , 0 , 0 , 0 , 0 , 0 , 0 , 0 
 0 , 0 , 0 , 0 , 0 , 0 , 0 , 0 
 0 , 0 , 0 , 0 , 0 , 0 , 0 , 0 
 0 , 0 , 0 , 0 , 0 , 0 , 0 , 0 
 0 , 0 , 0 , 0 , 0 , 0 , 0 , 0 
 0 , 0 , 0 , 0 , 0 , 0 , 0 , 0 
 0 , 0 , 0 , 0 , 0 , 0 , 0 , 0 
 0 , 0 , 0 , 0 , 0 , 0 , 0 , 0 
 0 , 0 , 0 , 0 , 0 , 0 , 0 , 0 
 0 , 0 , 0 , 0 , 0 , 0 , 0 , 0 
 0 , 0 , 0 , 0 , 0 , 0 , 0 , 0 
 0 , 0 , 0 , 0 , 0 , 0 , 0 , 0 
 0 , 0 , 0 , 0 , 0 , 0 , 0 , 0 
 0 , 0 , 0 , 0 , 0 , 0 , 0 , 0 
 0 , 0 , 0 , 0 , 0 , 0 , 0 , 0 
 0 , 0 , 0 , 0 , 0 , 0 , 0 , 0 
 0 , 0 , 0 , 0 , 0 , 0 , 0 , 0 
 0 , 0 , 0 , 0 , 0 , 0 , 0 , 0 
 0 , 0 , 0 , 0 , 0 , 0 , 0 , 0 
 0 , 0 , 0 , 0 , 0 , 0 , 0 , 0 
 0 , 0 , 0 , 0 , 0 , 0 , 0 , 0 
 0 , 0 , 0 , 0 , 0 , 0 , 0 , 0 
 0 , 0 , 0 , 0 , 0 , 0 , 0 , 0 
 0 , 0 , 0 , 0 , 0 , 0 , 0 , 0 
 0 , 0 , 0 , 0 , 0 , 0 , 0 , 0 
 0 , 0 , 0 , 0 , 0 , 0 , 0 , 0 
 0 , 0 , 0 , 0 , 0 , 0 , 0 , 0 
 0 , 0 , 0 , 0 , 0 , 0 , 0 , 0 
 0 , 0 , 0 , 0 , 0 , 0 , 0 , 0 
 0 , 0 , 0 , 0 , 0 , 0 , 0 , 0 
 0 , 0 , 0 , 0 , 0 , 0 , 0 , 0 
 0 , 0 , 0 , 0 , 0 , 0 , 0 , 0 
 0 , 0 , 0 , 0 , 0 , 0 , 0 , 0 
 0 , 0 , 0 , 0 , 0 , 0 , 0 , 0 
 0 , 0 , 0 , 0 , 0 , 0 , 0 , 0 
 0 , 0 , 0 , 0 , 0 , 0 , 0 , 0 
 0 , 0 , 0 , 0 , 0 , 0 , 0 , 0 
 0 , 0 , 0 , 0 , 0 , 0 , 0 , 0 
 0 , 0 , 0 , 0 , 0 , 0 , 0 , 0 
 0 , 0 , 0 , 0 , 0 , 0 , 0 , 0 
 0 , 0 , 0 , 0 , 0 , 0 , 0 , 0 
 0 , 0 , 0 , 0 , 0 , 0 , 0 , 0 
 0 , 0 , 0 , 0 , 0 , 0 , 0 , 0 
 0 , 0 , 0 , 0 , 0 , 0 , 0 , 0 
 0 , 0 , 0 , 0 , 0 , 0 , 0 , 0 
 0 , 0 , 0 , 0 , 0 , 0 , 0 , 0 
 0 , 0 , 0 , 0 , 0 , 0 , 0 , 0 
 0 , 0 , 0 , 0 , 0 , 0 , 0 , 0 
 0 , 0 , 0 , 0 , 0 , 0 , 0 , 0 
 0 , 0 , 0 , 0 , 0 , 0 , 0 , 0 
 0 , 0 , 0 , 0 , 0 , 0 , 0 , 0 
 0 , 0 , 0 , 0 , 0 , 0 , 0 , 0 
 0 , 0 , 0 , 0 , 0 , 0 , 0 , 0 
 0 , 0 , 0 , 0 , 0 , 0 , 0 , 0 
 0 , 0 , 0 , 0 , 0 , 0 , 0 , 0 
 0 , 0 , 0 , 0 , 0 , 0 , 0 , 0 
 0 , 0 , 0 , 0 , 0 , 0 , 0 , 0 
 0 , 0 , 0 , 0 , 0 , 0 , 0 , 0 
 0 , 0 , 0 , 0 , 0 , 0 , 0 , 0 
 0 , 0 , 0 , 0 , 0 , 0 , 0 , 0 
 0 , 0 , 0 , 0 , 0 , 0 , 0 , 0 
 0 , 0 , 0 , 0 , 0 , 0 , 0 , 0 
 0 , 0 , 0 , 0 , 0 , 0 , 0 , 0 
 0 , 0 , 0 , 0 , 0 , 0 , 0 , 0 
 0 , 0 , 0 , 0 , 0 , 0 , 0 , 0 
 0 , 0 , 0 , 0 , 0 , 0 , 0 , 0 
 0 , 0 , 0 , 0 , 0 , 0 , 0 , 0 
 0 , 0 , 0 , 0 , 0 , 0 , 0 , 0 
 0 , 0 , 0 , 0 , 0 , 0 , 0 , 0 
 0 , 0 , 0 , 0 , 0 , 0 , 0 , 0 
 0 , 0 , 0 , 0 , 0 , 0 , 0 , 0 
 0 , 0 , 0 , 0 , 0 , 0 , 0 , 0 
 0 , 0 , 0 , 0 , 0 , 0 , 0 , 0 
 0 , 0 , 0 , 0 , 0 , 0 , 0 , 0 
 0 , 0 , 0 , 0 , 0 , 0 , 0 , 0 
 0 , 0 , 0 , 0 , 0 , 0 , 0 , 0 
 0 , 0 , 0 , 0 , 0 , 0 , 0 , 0 
 0 , 0 , 0 , 0 , 0 , 0 , 0 , 0 
 0 , 0 , 0 , 0 , 0 , 0 , 0 , 0 
 0 , 0 , 0 , 0 , 0 , 0 , 0 , 0 
 0 , 0 , 0 , 0 , 0 , 0 , 0 , 0 
 0 , 0 , 0 , 0 , 0 , 0 , 0 , 0 
 0 , 0 , 0 , 0 , 0 , 0 , 0 , 0 
 0 , 0 , 0 , 0 , 0 , 0 , 0 , 0 
 0 , 0 , 0 , 0 , 0 , 0 , 0 , 0 
 0 , 0 , 0 , 0 , 0 , 0 , 0 , 0 
 0 , 0 , 0 , 0 , 0 , 0 , 0 , 0 
 0 , 0 , 0 , 0 , 0 , 0 , 0 , 0 
 0 , 0 , 0 , 0 , 0 , 0 , 0 , 0 
 0 , 0 , 0 , 0 , 0 , 0 , 0 , 0 
 0 , 0 , 0 , 0 , 0 , 0 , 0 , 0 
 0 , 0 , 0 , 0 , 0 , 0 , 0 , 0 
 0 , 0 , 0 , 0 , 0 , 0 , 0 , 0 
 0 , 0 , 0 , 0 , 0 , 0 , 0 , 0 
 0 , 0 , 0 , 0 , 0 , 0 , 0 , 0 
 0 , 0 , 0 , 0 , 0 , 0 , 0 , 0 
 0 , 0 , 0 , 0 , 0 , 0 , 0 , 0 
 0 , 0 , 0 , 0 , 0 , 0 , 0 , 0 
 0 , 0 , 0 , 0 , 0 , 0 , 0 , 0 
 0 , 0 , 0 , 0 , 0 , 0 , 0 , 0 
 0 , 0 , 0 , 0 , 0 , 0 , 0 , 0 
 0 , 0 , 0 , 0 , 0 , 0 , 0 , 0 
 0 , 0 , 0 , 0 , 0 , 0 , 0 , 0 
 0 , 0 , 0 , 0 , 0 , 0 , 0 , 0 
 0 , 0 , 0 , 0 , 0 , 0 , 0 , 0 
 0 , 0 , 0 , 0 , 0 , 0 , 0 , 0 
 0 , 0 , 0 , 0 , 0 , 0 , 0 , 0 
 0 , 0 , 0 , 0 , 0 , 0 , 0 , 0 
 0 , 0 , 0 , 0 , 0 , 0 , 0 , 0 
 0 , 0 , 0 , 0 , 0 , 0 , 0 , 0 
 0 , 0 , 0 , 0 , 0 , 0 , 0 , 0 
 0 , 0 , 0 , 0 , 0 , 0 , 0 , 0 
 0 , 0 , 0 , 0 , 0 , 0 , 0 , 0 
 0 , 0 , 0 , 0 , 0 , 0 , 0 , 0 
 0 , 0 , 0 , 0 , 0 , 0 , 0 , 0 
 0 , 0 , 0 , 0 , 0 , 0 , 0 , 0 
 0 , 0 , 0 , 0 , 0 , 0 , 0 , 0 
 0 , 0 , 0 , 0 , 0 , 0 , 0 , 0 
 0 , 0 , 0 , 0 , 0 , 0 , 0 , 0 
 0 , 0 , 0 , 0 , 0 , 0 , 0 , 0 
 0 , 0 , 0 , 0 , 0 , 0 , 0 , 0 
 0 , 0 , 0 , 0 , 0 , 0 , 0 , 0 
 0 , 0 , 0 , 0 , 0 , 0 , 0 , 0 
 0 , 0 , 0 , 0 , 0 , 0 , 0 , 0 
 0 , 0 , 0 , 0 , 0 , 0 , 0 , 0 
 0 , 0 , 0 , 0 , 0 , 0 , 0 , 0 
 0 , 0 , 0 , 0 , 0 , 0 , 0 , 0 
 0 , 0 , 0 , 0 , 0 , 0 , 0 , 0 
 0 , 0 , 0 , 0 , 0 , 0 , 0 , 0 
 0 , 0 , 0 , 0 , 0 , 0 , 0 , 0 
 0 , 0 , 0 , 0 , 0 , 0 , 0 , 0 
 0 , 0 , 0 , 0 , 0 , 0 , 0 , 0 
 0 , 0 , 0 , 0 , 0 , 0 , 0 , 0 
 0 , 0 , 0 , 0 , 0 , 0 , 0 , 0 
 0 , 0 , 0 , 0 , 0 , 0 , 0 , 0 
 0 , 0 , 0 , 0 , 0 , 0 , 0 , 0 
 0 , 0 , 0 , 0 , 0 , 0 , 0 , 0 
 0 , 0 , 0 , 0 , 0 , 0 , 0 , 0 
 0 , 0 , 0 , 0 , 0 , 0 , 0 , 0 
 0 , 0 , 0 , 0 , 0 , 0 , 0 , 0 
 0 , 0 , 0 , 0 , 0 , 0 , 0 , 0 
 0 , 0 , 0 , 0 , 0 , 0 , 0 , 0 
 0 , 0 , 0 , 0 , 0 , 0 , 0 , 0 
 0 , 0 , 0 , 0 , 0 , 0 , 0 , 0 
 0 , 0 , 0 , 0 , 0 , 0 , 0 , 0 
 0 , 0 , 0 , 0 , 0 , 0 , 0 , 0 
 0 , 0 , 0 , 0 , 0 , 0 , 0 , 0 
 0 , 0 , 0 , 0 , 0 , 0 , 0 , 0 
 0 , 0 , 0 , 0 , 0 , 0 , 0 , 0 
 0 , 0 , 0 , 0 , 0 , 0 , 0 , 0 
 0 , 0 , 0 , 0 , 0 , 0 , 0 , 0 
 0 , 0 , 0 , 0 , 0 , 0 , 0 , 0 
 0 , 0 , 0 , 0 , 0 , 0 , 0 , 0 
 0 , 0 , 0 , 0 , 0 , 0 , 0 , 0 
 0 , 0 , 0 , 0 , 0 , 0 , 0 , 0 
 0 , 0 , 0 , 0 , 0 , 0 , 0 , 0 
 0 , 0 , 0 , 0 , 0 , 0 , 0 , 0 
 0 , 0 , 0 , 0 , 0 , 0 , 0 , 0 
 0 , 0 , 0 , 0 , 0 , 0 , 0 , 0 
 0 , 0 , 0 , 0 , 0 , 0 , 0 , 0 
 0 , 0 , 0 , 0 , 0 , 0 , 0 , 0 
 0 , 0 , 0 , 0 , 0 , 0 , 0 , 0 
 0 , 0 , 0 , 0 , 0 , 0 , 0 , 0 
 0 , 0 , 0 , 0 , 0 , 0 , 0 , 0 
 0 , 0 , 0 , 0 , 0 , 0 , 0 , 0 
 0 , 0 , 0 , 0 , 0 , 0 , 0 , 0 
 0 , 0 , 0 , 0 , 0 , 0 , 0 , 0 
 0 , 0 , 0 , 0 , 0 , 0 , 0 , 0 
 0 , 0 , 0 , 0 , 0 , 0 , 0 , 0 
 0 , 0 , 0 , 0 , 0 , 0 , 0 , 0 
 0 , 0 , 0 , 0 , 0 , 0 , 0 , 0 
 0 , 0 , 0 , 0 , 0 , 0 , 0 , 0 
 0 , 0 , 0 , 0 , 0 , 0 , 0 , 0 
 0 , 0 , 0 , 0 , 0 , 0 , 0 , 0 
 0 , 0 , 0 , 0 , 0 , 0 , 0 , 0 
 0 , 0 , 0 , 0 , 0 , 0 , 0 , 0 
 0 , 0 , 0 , 0 , 0 , 0 , 0 , 0 
 0 , 0 , 0 , 0 , 0 , 0 , 0 , 0 
 0 , 0 , 0 , 0 , 0 , 0 , 0 , 0 
 0 , 0 , 0 , 0 , 0 , 0 , 0 , 0 
 0 , 0 , 0 , 0 , 0 , 0 , 0 , 0 
 0 , 0 , 0 , 0 , 0 , 0 , 0 , 0 
 0 , 0 , 0 , 0 , 0 , 0 , 0 , 0 
 0 , 0 , 0 , 0 , 0 , 0 , 0 , 0 
 0 , 0 , 0 , 0 , 0 , 0 , 0 , 0 
 0 , 0 , 0 , 0 , 0 , 0 , 0 , 0 
 0 , 0 , 0 , 0 , 0 , 0 , 0 , 0 
 0 , 0 , 0 , 0 , 0 , 0 , 0 , 0 
 0 , 0 , 0 , 0 , 0 , 0 , 0 , 0 
 0 , 0 , 0 , 0 , 0 , 0 , 0 , 0 
 0 , 0 , 0 , 0 , 0 , 0 , 0 , 0 
 0 , 0 , 0 , 0 , 0 , 0 , 0 , 0 
 0 , 0 , 0 , 0 , 0 , 0 , 0 , 0 
 0 , 0 , 0 , 0 , 0 , 0 , 0 , 0 
 0 , 0 , 0 , 0 , 0 , 0 , 0 , 0 
 0 , 0 , 0 , 0 , 0 , 0 , 0 , 0 
 0 , 0 , 0 , 0 , 0 , 0 , 0 , 0 
 0 , 0 , 0 , 0 , 0 , 0 , 0 , 0 
 0 , 0 , 0 , 0 , 0 , 0 , 0 , 0 
 0 , 0 , 0 , 0 , 0 , 0 , 0 , 0 
 0 , 0 , 0 , 0 , 0 , 0 , 0 , 0 
 0 , 0 , 0 , 0 , 0 , 0 , 0 , 0 
 0 , 0 , 0 , 0 , 0 , 0 , 0 , 0 
 0 , 0 , 0 , 0 , 0 , 0 , 0 , 0 
 0 , 0 , 0 , 0 , 0 , 0 , 0 , 0 
 0 , 0 , 0 , 0 , 0 , 0 , 0 , 0 
 0 , 0 , 0 , 0 , 0 , 0 , 0 , 0 
 0 , 0 , 0 , 0 , 0 , 0 , 0 , 0 
 0 , 0 , 0 , 0 , 0 , 0 , 0 , 0 
 0 , 0 , 0 , 0 , 0 , 0 , 0 , 0 
 0 , 0 , 0 , 0 , 0 , 0 , 0 , 0 
 0 , 0 , 0 , 0 , 0 , 0 , 0 , 0 
 0 , 0 , 0 , 0 , 0 , 0 , 0 , 0 
 0 , 0 , 0 , 0 , 0 , 0 , 0 , 0 
 0 , 0 , 0 , 0 , 0 , 0 , 0 , 0 
 0 , 0 , 0 , 0 , 0 , 0 , 0 , 0 
 0 , 0 , 0 , 0 , 0 , 0 , 0 , 0 
 0 , 0 , 0 , 0 , 0 , 0 , 0 , 0 
 0 , 0 , 0 , 0 , 0 , 0 , 0 , 0 
 0 , 0 , 0 , 0 , 0 , 0 , 0 , 0 
 0 , 0 , 0 , 0 , 0 , 0 , 0 , 0 
 0 , 0 , 0 , 0 , 0 , 0 , 0 , 0 
 0 , 0 , 0 , 0 , 0 , 0 , 0 , 0 
 0 , 0 , 0 , 0 , 0 , 0 , 0 , 0 
 0 , 0 , 0 , 0 , 0 , 0 , 0 , 0 
 0 , 0 , 0 , 0 , 0 , 0 , 0 , 0 
 0 , 0 , 0 , 0 , 0 , 0 , 0 , 0 
 0 , 0 , 0 , 0 , 0 , 0 , 0 , 0 
 0 , 0 , 0 , 0 , 0 , 0 , 0 , 0 
 0 , 0 , 0 , 0 , 0 , 0 , 0 , 0 
 0 , 0 , 0 , 0 , 0 , 0 , 0 , 0 
 0 , 0 , 0 , 0 , 0 , 0 , 0 , 0 
 0 , 0 , 0 , 0 , 0 , 0 , 0 , 0 
 0 , 0 , 0 , 0 , 0 , 0 , 0 , 0 
 0 , 0 , 0 , 0 , 0 , 0 , 0 , 0 
 0 , 0 , 0 , 0 , 0 , 0 , 0 , 0 
 0 , 0 , 0 , 0 , 0 , 0 , 0 , 0 
 0 , 0 , 0 , 0 , 0 , 0 , 0 , 0 
 0 , 0 , 0 , 0 , 0 , 0 , 0 , 0 
 0 , 0 , 0 , 0 , 0 , 0 , 0 , 0 
 0 , 0 , 0 , 0 , 0 , 0 , 0 , 0 
 0 , 0 , 0 , 0 , 0 , 0 , 0 , 0 
 0 , 0 , 0 , 0 , 0 , 0 , 0 , 0 
 0 , 0 , 0 , 0 , 0 , 0 , 0 , 0 
 0 , 0 , 0 , 0 , 0 , 0 , 0 , 0 
 0 , 0 , 0 , 0 , 0 , 0 , 0 , 0 
 0 , 0 , 0 , 0 , 0 , 0 , 0 , 0 
 0 , 0 , 0 , 0 , 0 , 0 , 0 , 0 
 0 , 0 , 0 , 0 , 0 , 0 , 0 , 0 
 0 , 0 , 0 , 0 , 0 , 0 , 0 , 0 
 0 , 0 , 0 , 0 , 0 , 0 , 0 , 0 
 0 , 0 , 0 , 0 , 0 , 0 , 0 , 0 
 0 , 0 , 0 , 0 , 0 , 0 , 0 , 0 
 0 , 0 , 0 , 0 , 0 , 0 , 0 , 0 
 0 , 0 , 0 , 0 , 0 , 0 , 0 , 0 
 0 , 0 , 0 , 0 , 0 , 0 , 0 , 0 
 0 , 0 , 0 , 0 , 0 , 0 , 0 , 0 
 0 , 0 , 0 , 0 , 0 , 0 , 0 , 0 
 0 , 0 , 0 , 0 , 0 , 0 , 0 , 0 
 0 , 0 , 0 , 0 , 0 , 0 , 0 , 0 
 0 , 0 , 0 , 0 , 0 , 0 , 0 , 0 
 0 , 0 , 0 , 0 , 0 , 0 , 0 , 0 
 0 , 0 , 0 , 0 , 0 , 0 , 0 , 0 
 0 , 0 , 0 , 0 , 0 , 0 , 0 , 0 
 0 , 0 , 0 , 0 , 0 , 0 , 0 , 0 
 0 , 0 , 0 , 0 , 0 , 0 , 0 , 0 
 0 , 0 , 0 , 0 , 0 , 0 , 0 , 0 
 0 , 0 , 0 , 0 , 0 , 0 , 0 , 0 
 0 , 0 , 0 , 0 , 0 , 0 , 0 , 0 
 0 , 0 , 0 , 0 , 0 , 0 , 0 , 0 
 0 , 0 , 0 , 0 , 0 , 0 , 0 , 0 
 0 , 0 , 0 , 0 , 0 , 0 , 0 , 0 
 0 , 0 , 0 , 0 , 0 , 0 , 0 , 0 
 0 , 0 , 0 , 0 , 0 , 0 , 0 , 0 
 0 , 0 , 0 , 0 , 0 , 0 , 0 , 0 
 0 , 0 , 0 , 0 , 0 , 0 , 0 , 0 
 0 , 0 , 0 , 0 , 0 , 0 , 0 , 0 
 0 , 0 , 0 , 0 , 0 , 0 , 0 , 0 
 0 , 0 , 0 , 0 , 0 , 0 , 0 , 0 
 0 , 0 , 0 , 0 , 0 , 0 , 0 , 0 
 0 , 0 , 0 , 0 , 0 , 0 , 0 , 0 
 0 , 0 , 0 , 0 , 0 , 0 , 0 , 0 
 0 , 0 , 0 , 0 , 0 , 0 , 0 , 0 
 0 , 0 , 0 , 0 , 0 , 0 , 0 , 0 
 0 , 0 , 0 , 0 , 0 , 0 , 0 , 0 
 0 , 0 , 0 , 0 , 0 , 0 , 0 , 0 
 0 , 0 , 0 , 0 , 0 , 0 , 0 , 0 
 0 , 0 , 0 , 0 , 0 , 0 , 0 , 0 
 0 , 0 , 0 , 0 , 0 , 0 , 0 , 0 
 0 , 0 , 0 , 0 , 0 , 0 , 0 , 0 
 0 , 0 , 0 , 0 , 0 , 0 , 0 , 0 
 0 , 0 , 0 , 0 , 0 , 0 , 0 , 0 
 0 , 0 , 0 , 0 , 0 , 0 , 0 , 0 
 0 , 0 , 0 , 0 , 0 , 0 , 0 , 0 
 0 , 0 , 0 , 0 , 0 , 0 , 0 , 0 
 0 , 0 , 0 , 0 , 0 , 0 , 0 , 0 
 0 , 0 , 0 , 0 , 0 , 0 , 0 , 0 
 0 , 0 , 0 , 0 , 0 , 0 , 0 , 0 
 0 , 0 , 0 , 0 , 0 , 0 , 0 , 0 
 0 , 0 , 0 , 0 , 0 , 0 , 0 , 0 
 0 , 0 , 0 , 0 , 0 , 0 , 0 , 0 
 0 , 0 , 0 , 0 , 0 , 0 , 0 , 0 
 0 , 0 , 0 , 0 , 0 , 0 , 0 , 0 
 0 , 0 , 0 , 0 , 0 , 0 , 0 , 0 
 0 , 0 , 0 , 0 , 0 , 0 , 0 , 0 
 0 , 0 , 0 , 0 , 0 , 0 , 0 , 0 
 0 , 0 , 0 , 0 , 0 , 0 , 0 , 0 
 0 , 0 , 0 , 0 , 0 , 0 , 0 , 0 
 0 , 0 , 0 , 0 , 0 , 0 , 0 , 0 
 0 , 0 , 0 , 0 , 0 , 0 , 0 , 0 
 0 , 0 , 0 , 0 , 0 , 0 , 0 , 0 
 0 , 0 , 0 , 0 , 0 , 0 , 0 , 0 
 0 , 0 , 0 , 0 , 0 , 0 , 0 , 0 
 0 , 0 , 0 , 0 , 0 , 0 , 0 , 0 
 0 , 0 , 0 , 0 , 0 , 0 , 0 , 0 
 0 , 0 , 0 , 0 , 0 , 0 , 0 , 0 
 0 , 0 , 0 , 0 , 0 , 0 , 0 , 0 
 0 , 0 , 0 , 0 , 0 , 0 , 0 , 0 
 0 , 0 , 0 , 0 , 0 , 0 , 0 , 0 
 0 , 0 , 0 , 0 , 0 , 0 , 0 , 0 
 0 , 0 , 0 , 0 , 0 , 0 , 0 , 0 
 0 , 0 , 0 , 0 , 0 , 0 , 0 , 0 
 0 , 0 , 0 , 0 , 0 , 0 , 0 , 0 
 0 , 0 , 0 , 0 , 0 , 0 , 0 , 0 
 0 , 0 , 0 , 0 , 0 , 0 , 0 , 0 
 0 , 0 , 0 , 0 , 0 , 0 , 0 , 0 
 0 , 0 , 0 , 0 , 0 , 0 , 0 , 0 
 0 , 0 , 0 , 0 , 0 , 0 , 0 , 0 
 0 , 0 , 0 , 0 , 0 , 0 , 0 , 0 
 0 , 0 , 0 , 0 , 0 , 0 , 0 , 0 
 0 , 0 , 0 , 0 , 0 , 0 , 0 , 0 
 0 , 0 , 0 , 0 , 0 , 0 , 0 , 0 
 0 , 0 , 0 , 0 , 0 , 0 , 0 , 0 
 0 , 0 , 0 , 0 , 0 , 0 , 0 , 0 
 0 , 0 , 0 , 0 , 0 , 0 , 0 , 0 
 0 , 0 , 0 , 0 , 0 , 0 , 0 , 0 
 0 , 0 , 0 , 0 , 0 , 0 , 0 , 0 
 0 , 0 , 0 , 0 , 0 , 0 , 0 , 0 
 0 , 0 , 0 , 0 , 0 , 0 , 0 , 0 
 0 , 0 , 0 , 0 , 0 , 0 , 0 , 0 
 0 , 0 , 0 , 0 , 0 , 0 , 0 , 0 
 0 , 0 , 0 , 0 , 0 , 0 , 0 , 0 
 0 , 0 , 0 , 0 , 0 , 0 , 0 , 0 
 0 , 0 , 0 , 0 , 0 , 0 , 0 , 0 
 0 , 0 , 0 , 0 , 0 , 0 , 0 , 0 
 0 , 0 , 0 , 0 , 0 , 0 , 0 , 0 
 0 , 0 , 0 , 0 , 0 , 0 , 0 , 0 
 0 , 0 , 0 , 0 , 0 , 0 , 0 , 0 
 0 , 0 , 0 , 0 , 0 , 0 , 0 , 0 
 0 , 0 , 0 , 0 , 0 , 0 , 0 , 0 
 0 , 0 , 0 , 0 , 0 , 0 , 0 , 0 
 0 , 0 , 0 , 0 , 0 , 0 , 0 , 0 
 0 , 0 , 0 , 0 , 0 , 0 , 0 , 0 
 0 , 0 , 0 , 0 , 0 , 0 , 0 , 0 
 0 , 0 , 0 , 0 , 0 , 0 , 0 , 0 
 0 , 0 , 0 , 0 , 0 , 0 , 0 , 0 
 0 , 0 , 0 , 0 , 0 , 0 , 0 , 0 
 0 , 0 , 0 , 0 , 0 , 0 , 0 , 0 
 0 , 0 , 0 , 0 , 0 , 0 , 0 , 0 
 0 , 0 , 0 , 0 , 0 , 0 , 0 , 0 
 0 , 0 , 0 , 0 , 0 , 0 , 0 , 0 
 0 , 0 , 0 , 0 , 0 , 0 , 0 , 0 
 0 , 0 , 0 , 0 , 0 , 0 , 0 , 0 
 0 , 0 , 0 , 0 , 0 , 0 , 0 , 0 
 0 , 0 , 0 , 0 , 0 , 0 , 0 , 0 
 0 , 0 , 0 , 0 , 0 , 0 , 0 , 0 
 0 , 0 , 0 , 0 , 0 , 0 , 0 , 0 
 0 , 0 , 0 , 0 , 0 , 0 , 0 , 0 
 0 , 0 , 0 , 0 , 0 , 0 , 0 , 0 
 0 , 0 , 0 , 0 , 0 , 0 , 0 , 0 
 0 , 0 , 0 , 0 , 0 , 0 , 0 , 0 
 0 , 0 , 0 , 0 , 0 , 0 , 0 , 0 
 0 , 0 , 0 , 0 , 0 , 0 , 0 , 0 
 0 , 0 , 0 , 0 , 0 , 0 , 0 , 0 
 0 , 0 , 0 , 0 , 0 , 0 , 0 , 0 
 0 , 0 , 0 , 0 , 0 , 0 , 0 , 0 
 0 , 0 , 0 , 0 , 0 , 0 , 0 , 0 
 0 , 0 , 0 , 0 , 0 , 0 , 0 , 0 
 0 , 0 , 0 , 0 , 0 , 0 , 0 , 0 
 0 , 0 , 0 , 0 , 0 , 0 , 0 , 0 
 0 , 0 , 0 , 0 , 0 , 0 , 0 , 0 
 0 , 0 , 0 , 0 , 0 , 0 , 0 , 0 
 0 , 0 , 0 , 0 , 0 , 0 , 0 , 0 
 0 , 0 , 0 , 0 , 0 , 0 , 0 , 0 
 0 , 0 , 0 , 0 , 0 , 0 , 0 , 0 
 0 , 0 , 0 , 0 , 0 , 0 , 0 , 0 
 0 , 0 , 0 , 0 , 0 , 0 , 0 , 0 
 0 , 0 , 0 , 0 , 0 , 0 , 0 , 0 
 0 , 0 , 0 , 0 , 0 , 0 , 0 , 0 
 0 , 0 , 0 , 0 , 0 , 0 , 0 , 0 
 0 , 0 , 0 , 0 , 0 , 0 , 0 , 0 
 0 , 0 , 0 , 0 , 0 , 0 , 0 , 0 
 0 , 0 , 0 , 0 , 0 , 0 , 0 , 0 
 0 , 0 , 0 , 0 , 0 , 0 , 0 , 0 
 0 , 0 , 0 , 0 , 0 , 0 , 0 , 0 
 0 , 0 , 0 , 0 , 0 , 0 , 0 , 0 
 0 , 0 , 0 , 0 , 0 , 0 , 0 , 0 
 0 , 0 , 0 , 0 , 0 , 0 , 0 , 0 
 0 , 0 , 0 , 0 , 0 , 0 , 0 , 0 
 0 , 0 , 0 , 0 , 0 , 0 , 0 , 0 
 0 , 0 , 0 , 0 , 0 , 0 , 0 , 0 
 0 , 0 , 0 , 0 , 0 , 0 , 0 , 0 
 0 , 0 , 0 , 0 , 0 , 0 , 0 , 0 
 0 , 0 , 0 , 0 , 0 , 0 , 0 , 0 
 0 , 0 , 0 , 0 , 0 , 0 , 0 , 0 
 0 , 0 , 0 , 0 , 0 , 0 , 0 , 0 
 0 , 0 , 0 , 0 , 0 , 0 , 0 , 0 
 0 , 0 , 0 , 0 , 0 , 0 , 0 , 0 
 0 , 0 , 0 , 0 , 0 , 0 , 0 , 0 
 0 , 0 , 0 , 0 , 0 , 0 , 0 , 0 
 0 , 0 , 0 , 0 , 0 , 0 , 0 , 0 
 536 , 542 , 548 , 569 , 0 , 0 , 0 , 0 
 475 , 480 , 484 , 487 , 499 , 511 , 523 , 533 
 426 , 436 , 439 , 449 , 452 , 462 , 465 , 470 
 330 , 341 , 352 , 362 , 372 , 387 , 402 , 412 
 238 , 243 , 264 , 275 , 286 , 297 , 308 , 319 
 129 , 134 , 139 , 155 , 176 , 195 , 211 , 216 
 0 , 0 , 66 , 78 , 89 , 100 , 112 , 124 
