PTV 12nc nr     GIT vare nr
0322 042 00019	371-PTV00019
0322 042 00022	372-043
0722 004 00049	371-PTV00049
0813 011 18003	369-132040
0822 026 06002	367-ML10
0822 026 22152	369-PVCB60BK
0831 026 06039	369-232268
1222 100 98054	105-2551
1222 100 98209	105-4016
1308 100 00023	105-238
2008 551 00021	251-1278
2008 551 00022	251-1224
2008 551 00023	251-1277
2008 551 00024	251-1393
2008 551 00025	251-1475
2008 551 00026	251-1563
2008 551 00027	251-1684
2008 551 00028	251-2107
2008 551 00032	251-2226
2008 551 00036	251-2334
2008 551 00037	251-2333
2008 551 00041	251-1105
2008 555 00001	252-120
2012 007 02019	263-3220164
2012 007 02038	263-3100403
2012 551 01057	252-310
2012 572 10014	251-4223
2012 572 10019	251-447
2012 572 10024	251-5109
2122 118 01039	217-2101
2122 118 01046	217-2332
2122 118 01053	217-31011
2122 118 01058	217-327
2122 118 01066	217-4107
2122 118 01081	217-410
2122 118 01084	217-41010
2122 118 01162	217-5104
2122 118 01325	217-2222
2122 118 01348	217-4331
2122 118 01544	217-122
2122 118 01615	217-31012
2122 350 00354	225-3103
2122 350 00357	225-2503
2122 350 00359	225-2101
2122 350 00361	225-4108
2122 350 00362	225-5107
2122 350 00363	225-3502
2122 350 00364	225-4504
2122 350 00371	227-2102
2122 350 00372	227-3504
2122 350 00414	227-2505
2122 350 00459	227-4105
2122 350 00468	225-2202
2122 350 00472	225-3201
2122 350 00473	227-4206
2122 350 00504	227-3201
2122 350 00515	227-3103
2122 350 00518	227-5105
2122 350 00558	225-4202
2122 350 00645	227-2203
2122 358 00071	227-4103
2122 358 00101	227-2103
2122 358 00105	225-3501
2122 358 00116	227-4207
2122 358 00137	227-5106
2122 358 00144	227-3105
2122 358 00153	225-4503
2122 362 00059	227-3104
2122 362 00062	227-2201
2122 362 00679	235-220
2122 362 00682	233-220
2122 362 00683	227-4501
2122 362 00686	227-3102
2122 362 00719	227-210
2122 362 00722	227-2504
2122 362 00725	227-3501
2122 362 00727	227-4205
2122 362 00729	227-5101
2222 030 37339	267-133040
2222 030 38229	267-122063
2222 031 28229	267-1220631
2222 031 36221	267-2220251
2222 031 38689	267-168063
2222 031 39229	267-1221001
2222 031 39339	267-133100
2222 032 16152	267-315025
2222 032 46152	267-3150101
2222 051 57332	263-333040
2222 053 58689	263-168385
2222 058 56472	265-347025
2222 058 57332	265-330040
2222 058 58102	265-310063
2222 116 21339	265-133050
2222 116 50101	265-2120351
2222 116 55221	263-222016
2222 118 28689	267-1680631
2222 118 90508	267-2470631
2222 119 37479	267-1470402
2222 119 38479	267-1470403
2222 119 90504	267-2220252
2222 119 90519	267-1470404
2222 122 53159	263-115006
2222 122 53689	265-268006
2222 122 54339	263-1330101
2222 122 54688	263-068010
2222 122 55159	261-715
2222 122 55338	261-0330161
2222 122 56158	263-015025
2222 122 56688	263-068025
2222 122 57158	263-015040
2222 128 54339	263-133010
2222 128 55159	263-1150161
2222 344 15155	257-6151
2222 370 11104	257-51013
2222 370 11154	257-5155
2222 370 11224	257-52212
2222 370 11334	257-53321
2222 370 11474	257-5472T
2222 370 11683	257-4682
2222 370 11684	257-568
2222 370 12105	257-61021
2222 370 21153	255-415
2222 370 21223	257-4222
2222 370 21333	257-4332
2222 370 21473	257-4472T
2222 370 41103	257-410
2222 371 12105	257-6105
2222 371 41333	257-4334
2222 371 51103	257-4109
2222 460 81003	258-4106
2222 460 86802	258-368
2222 461 83902	258-339
2222 461 84702	258-347
2222 461 85602	258-3561
2222 462 81202	258-3120
2222 462 81502	257-3155
2222 462 81802	257-318
2222 462 82202	257-3226
2222 462 82702	258-3270
2222 462 83302	258-3330
2222 463 11002	257-3105
2222 463 81002	257-310
2222 463 86801	257-268
2222 463 88201	258-2820
2222 464 81001	258-2101
2222 464 81201	258-2120
2222 464 81501	258-2151
2222 464 81801	258-2180
2222 464 82201	258-2220
2222 464 82701	258-227
2222 464 83301	258-2330
2222 464 83901	258-2390
2222 464 84701	258-2471
2222 464 85601	258-2561
2222 580 16618	552-322
2222 580 16623	552-347
2222 580 16627	552-410
2222 580 16631	552-418
2222 580 16632	552-4221
2222 580 16634	552-433
2222 581 16636	551-447
2222 581 16641	551-5105
2222 595 16649	554-5475
2222 630 09472	251-34711
2222 630 18472	251-3471
2222 630 19102	251-3103
2222 630 19222	251-32211
2222 630 19472	251-3473
2222 653 57188	251-018
2222 683 03108	251-010
2222 683 03158	251-015
2222 683 03568	251-0562
2222 683 03687	251-0068
2222 683 09228	251-022
2222 683 09338	251-033
2222 683 09398	251-0394
2222 683 09478	251-0472
2222 683 09568	251-056
2222 683 09688	251-068
2222 683 09828	251-082
2222 683 10101	251-210
2222 683 10109	251-1102
2222 683 10121	251-212
2222 683 10129	251-112
2222 683 10151	251-2154
2222 683 10159	251-1152
2222 683 10189	251-1181
2222 683 10229	251-1221
2222 683 10279	251-1271
2222 683 10339	251-1331
2222 683 10399	251-139
2222 683 10479	251-1471
2222 683 10569	251-1561
2222 683 10689	251-1682
2222 683 10829	251-182
2222 683 33398	251-0393
2222 683 33478	251-0473
2222 683 33568	251-0561
2222 683 33688	251-0681
2222 683 33828	251-0821
2222 683 34101	251-2105
2222 683 34109	251-1104
2222 683 34121	251-2121
2222 683 34129	251-1122
2222 683 34151	251-215
2222 683 34159	251-1153
2222 683 34189	251-1182
2222 683 34229	251-1223
2222 683 34279	251-1276
2222 683 34339	251-1337
2222 683 34399	251-1392
2222 683 34479	251-1474
2222 683 34569	251-1562
2222 683 34689	251-1683
2222 683 34829	251-1821
2222 683 57398	251-0392
2222 683 58101	251-2106
2222 683 58151	251-2153
2222 683 58181	251-2181
2222 683 58221	251-2225
2222 683 58271	251-2273
2222 683 58331	251-23321
2222 683 58479	251-1473
2222 683 58689	251-1681
2222 683 58829	251-1822
2222 683 70471	251-2474
2222 809 05215	259-003
2222 809 05216	259-0101
2222 809 05217	259-020
2222 809 08003	259-050
2222 861 15101	552-210
2222 861 15108	552-010
2222 861 15109	552-110
2222 861 15121	552-212
2222 861 15128	552-012
2222 861 15151	552-150
2222 861 15158	552-015
2222 861 15159	552-115
2222 861 15181	552-218
2222 861 15188	552-018
2222 861 15189	552-1181
2222 861 15221	552-222
2222 861 15228	552-0221
2222 861 15229	552-122
2222 861 15271	552-227
2222 861 15278	552-027
2222 861 15279	552-127
2222 861 15331	552-233
2222 861 15338	552-033
2222 861 15339	552-133
2222 861 15391	552-239
2222 861 15398	552-039
2222 861 15399	552-1391
2222 861 15471	552-247
2222 861 15477	552-0047
2222 861 15478	552-047
2222 861 15479	552-147
2222 861 15561	552-256
2222 861 15567	552-0056
2222 861 15568	552-056
2222 861 15569	552-156
2222 861 15687	552-0068
2222 861 15688	552-068
2222 861 15689	552-1681
2222 861 15827	552-0082
2222 861 15828	552-082
2222 861 15829	552-182
2222 863 15102	551-3101
2222 863 15122	551-3121
2222 863 15471	551-247
2222 863 15681	551-268
2222 863 15821	551-282
2222 863 18101	551-2103
2222 863 18102	551-3106
2222 863 18222	551-3224
2315 505 00007	241-41014
2315 505 00107	241-41015
2322 141 10375	211-1741
2322 141 40197	211-175
2322 141 40283	211-2511
2322 141 51067	211-42001
2322 151 71522	211-31521
2322 156 11001	202-2100
2322 156 11002	202-3100
2322 156 11003	202-4100
2322 156 11004	202-5100
2322 156 11005	202-6100
2322 156 11008	202-0100
2322 156 11009	202-1100
2322 156 11101	202-2110
2322 156 11102	202-3110
2322 156 11103	202-4110
2322 156 11104	202-5110
2322 156 11211	202-2121
2322 156 11212	202-3121
2322 156 11213	202-4121
2322 156 11214	202-5121
2322 156 11219	202-1121
2322 156 11301	202-2130
2322 156 11302	202-3130
2322 156 11303	202-4130
2322 156 11309	202-1130
2322 156 11501	202-2150
2322 156 11502	202-3150
2322 156 11503	202-4150
2322 156 11504	202-5150
2322 156 11509	202-1150
2322 156 11621	202-2162
2322 156 11622	202-3162
2322 156 11623	202-4162
2322 156 11624	202-5162
2322 156 11629	202-1162
2322 156 11821	202-2182
2322 156 11822	202-3182
2322 156 11823	202-4182
2322 156 11824	202-5182
2322 156 11828	202-0182
2322 156 11829	202-1182
2322 156 12001	202-2200
2322 156 12002	202-3200
2322 156 12003	202-4200
2322 156 12004	202-5200
2322 156 12009	202-1200
2322 156 12211	202-2221
2322 156 12212	202-3221
2322 156 12213	202-4221
2322 156 12214	202-5221
2322 156 12219	202-1221
2322 156 12431	202-2243
2322 156 12432	202-3243
2322 156 12433	202-4243
2322 156 12434	202-5243
2322 156 12439	202-1243
2322 156 12671	202-2267
2322 156 12672	202-3267
2322 156 12673	202-4267
2322 156 12674	202-5267
2322 156 12679	202-1267
2322 156 12871	202-2287
2322 156 13011	202-2301
2322 156 13012	202-3301
2322 156 13013	202-4301
2322 156 13014	202-5301
2322 156 13321	202-2332
2322 156 13322	202-3332
2322 156 13323	202-4332
2322 156 13324	202-5332
2322 156 13329	202-1332
2322 156 13571	202-2357
2322 156 13572	202-3357
2322 156 13573	202-4357
2322 156 13574	202-5357
2322 156 13579	202-1357
2322 156 13921	202-2392
2322 156 13922	202-3392
2322 156 13923	202-4392
2322 156 13924	202-5392
2322 156 13929	202-1392
2322 156 14321	202-2432
2322 156 14322	202-3432
2322 156 14323	202-4432
2322 156 14324	202-5432
2322 156 14329	202-1432
2322 156 14751	202-2475
2322 156 14752	202-3475
2322 156 14753	202-44751
2322 156 14754	202-5475
2322 156 14759	202-1476
2322 156 15111	202-2511
2322 156 15112	202-3511
2322 156 15113	202-4511
2322 156 15114	202-5511
2322 156 15118	202-0511
2322 156 15119	202-1511
2322 156 15361	202-2536
2322 156 15621	202-2562
2322 156 15622	202-3562
2322 156 15623	202-4562
2322 156 15624	202-5562
2322 156 15629	202-1562
2322 156 16191	202-2619
2322 156 16192	202-3619
2322 156 16193	202-4619
2322 156 16194	202-5619
2322 156 16199	202-1619
2322 156 16811	202-2681
2322 156 16812	202-3681
2322 156 16813	202-4681
2322 156 16814	202-5681
2322 156 16819	202-1681
2322 156 17501	202-2750
2322 156 17502	202-3750
2322 156 17503	202-4750
2322 156 17509	202-1750
2322 156 18251	202-2825
2322 156 18252	202-3825
2322 156 18253	202-4825
2322 156 18254	202-5825
2322 156 18259	202-1825
2322 156 19091	202-2909
2322 156 19092	202-3909
2322 156 19093	202-4909
2322 156 19099	202-1909
2322 181 53478	201-047
2322 195 13202	205-320
2322 241 13106	211-710
2322 241 13125	211-6121
2322 241 13155	211-615
2322 241 13225	211-6221
2322 241 13335	211-6330
2322 241 13475	211-647
2322 241 13565	211-6560
2322 241 13685	211-6680
2322 241 13825	211-682
2322 242 13336	211-7331
2322 242 13755	211-6750
2322 329 04477	205-00474
2322 380 71002	241-222
2322 380 71004	241-3102
2322 380 71007	241-41013
2322 501 90211	221-4103
2322 502 90143	221-4104
2322 510 01507	227-4106
2322 515 00009	241-4474
2322 640 63101	212-210
2322 640 63152	212-315
2322 640 63221	212-222
2322 640 98004	212-412
2322 672 91026	213-TS70
2322 711 90003	501-000
2322 712 30106	501-710
2322 712 30109	501-110
2322 715 20478	501-047
2322 730 51106	503-710
2322 730 51225	503-622
2408 128 00033	343-PTV00033
2408 128 00034	343-3FTH980
2408 128 00035	343-3FTH940
2408 128 00036	343-3FTH920
2408 135 00032	165-00032
2408 135 00033	165-00033
2408 135 00035	165-00035
2408 549 00038	252-315
2412 027 00067	337-01508
2412 128 02141	343-PTV02141
2412 128 02142	343-PTV02142
2412 128 02143	343-PTV02143
2412 128 02212	343-PTV02212
2412 128 02213	343-PTV02213
2412 128 02214	343-PTV02214
2412 128 02215	343-PTV02215
2412 131 00545	351-DS4EM
2412 541 00174	281-B781083
2412 541 00272	281-00272
2422 015 01003	160-PTV01003
2422 015 05008	105-145
2422 015 05024	105-143
2422 021 98031	318-064
2422 021 98225	311-110010
2422 021 98385	311-641005
2422 021 98386	311-641006
2422 021 98866	306-9015116
2422 022 98154	312-036
2422 024 00524	321-003
2422 025 03232	318-0103
2422 025 03495	320-010
2422 025 03962	312-641003
2422 025 05385	306-05385
2422 025 05784	316-0142
2422 025 06399	311-2150798
2422 025 07158	311-AMP06
2422 025 07159	315-010
2422 025 07163	315-016
2422 025 07164	333-215570
2422 025 07862	311-316007
2422 025 07863	311-1082
2422 025 07876	311-104
2422 025 08508	317-024
2422 025 09571	337-00910
2422 025 10279	313-0062
2422 025 10281	311-010
2422 025 10632	318-104110
2422 025 10635	316-104110
2422 025 10636	316-104116
2422 025 14657	312-0041
2422 025 98588	312-0361
2422 025 98589	305-5041397
2422 031 00379	334-53K401
2422 031 10299	319-10299
2422 033 00027	383-6J4
2422 034 10518	313-0041
2422 034 10519	313-0061
2422 034 10652	313-0032
2422 034 10653	313-0051
2422 034 10655	313-0091
2422 034 10656	313-010
2422 034 10658	313-012
2422 034 11667	313-016
2422 034 11791	375-M823
2422 034 16177	313-0052
2422 034 20018	160-20018
2422 038 00006	311-005
2422 038 00013	311-403106
2422 062 40351	316-006
2422 062 40441	311-8266294
2422 062 40741	312-0071
2422 062 40751	316-251207
2422 062 40951	316-018
2422 062 41651	316-032
2422 086 01082	363-T2501
2422 126 01181	349-AMP7030
2422 132 06526	351-UM1L
2422 486 80008	301-032
2422 486 80016	303-084
2422 486 80138	301-241
2422 486 80151	301-32
2422 486 80236	301-064
2422 486 80471	603-841
2422 487 89395	160-PTV89395
2422 535 98571	281-320
2422 535 98669	281-482
2422 535 98715	281-415
2422 535 98949	281-5105
2422 535 98961	281-TSL11101
2422 535 98971	281-5471
2422 549 03527	279-SFE45MB
2422 549 03528	279-SFE55MB
2422 549 03567	279-SFE57MB
2422 549 13114	305-514-AG7D
2422 549 13468	301-08
2422 549 13623	301-16
2422 549 13625	301-20
2422 549 13627	301-242
2422 549 13628	301-28
2422 549 13629	301-40
2422 549 40747	279-SFS45ME
2422 549 41719	279-SFE4724MB
2432 490 00085	311-0101
2508 642 00001	105-2101
2508 700 00001	165-TS3
2508 700 00002	165-TS4
2508 700 00004	165-TS6
2511 083 00003	105-0133
2522 006 02006	105-0506
2522 032 97238	105-1141
2522 164 30004	105-1272
2522 178 31023	105-0101
2522 178 31036	105-0111
2522 178 31038	105-011
2522 178 31058	105-038
2522 178 31059	105-0464
2522 178 31061	105-048
2522 178 31062	105-0531
2522 178 31064	105-0562
2522 179 82093	105-041
2522 179 82095	105-050
2522 179 82096	105-0501
2522 179 82109	105-0622
2522 179 82381	105-362506
2522 179 82413	105-0132
2522 179 82428	105-0563
2522 187 21044	105-3625061
2522 187 21045	105-0131
2522 187 21065	105-30060
2522 187 21066	105-30080
2522 187 21067	105-3630100
2522 187 21068	105-30120
2522 187 21071	105-30160
2522 204 03012	105-0112
2522 204 03013	105-0116
2522 204 03014	105-0134
2522 204 03016	105-0162
2522 401 05011	105-0711
2522 401 64005	160-PTV64005
2522 401 64008	105-021
2522 401 64064	160-PTV64064
2522 424 02013	105-02013
2522 479 04004	105-0010404
2522 600 10026	105-2400431
2522 600 20137	105-0270651
2522 600 28017	160-PTV28017
2522 600 86017	105-032070
2522 600 86018	105-0292
2522 600 86137	105-027065
2522 608 05002	160-PTV05002
2522 615 04011	160-04011
2522 642 04083	160-PTV04083
2522 642 04086	160-PTV04086
2522 728 04003	105-1271
2522 728 04005	105-12712
2522 728 04016	105-12711
2531 411 02004	105-KFS2-M3
2712 171 02053	409-HD1075O
2722 162 90132	425-HPF505
2722 162 90226	425-SRA2010MH
2722 162 90381	425-SRA-1H
3122 121 24440	160-PTV24440
3304 050 90570	425-OM2060
3304 050 90600	425-OM2045
3508 100 20650	503-022
3508 100 20670	503-033
3508 100 20730	503-610
3508 100 22040	525-4102
3508 100 40190	581-5472
3922 034 01010	425-OQ0702
3922 034 01020	725-OQ0702T
4008 000 40890	441-4089
4008 002 00080	721-MAX1232
4008 002 00450	439-AD811
4008 002 01690	425-AD9148
4008 002 01700	439-TMC2249
4008 002 01730	453-7C132
4008 002 01740	425-AD834
4008 002 02040	439-4328
4008 002 02170	453-80C323
4008 002 02460	439-SAA5231
4008 002 03340	725-LT1203CS8
4008 002 03410	425-LTC1298
4008 002 03420	425-MAX153
4008 002 03750	439-DP8310
4008 002 04010	453-68HC000
4008 002 04590	421-CA3446
4008 002 04600	453-24C08
4008 002 04680	725-TLE2082
4008 002 04730	753-PCF8574
4008 002 04960	751-P51XAG30KB
4008 002 04990	734-FCT574A
4008 002 05030	739-AD768
4008 002 05110	739-211
4008 002 05310	453-HM6264
4008 002 05500	753-MAX4102
4008 002 05510	753-NM24C02
4008 002 05930	725-MAX518
4008 002 06160	725-ERA5SM
4008 002 06250	742-NC00
4008 002 06260	742-NC125
4008 002 06270	751-MAX810
4008 002 06280	751-56007
4008 002 06300	745-86
4008 002 07180	763-PTV07180
4008 007 40000	432-00
4008 007 40020	432-02
4008 007 40040	432-04
4008 007 40740	432-74
4008 007 41600	432-160
4008 007 41610	432-161
4008 007 42210	432-221
4008 007 42440	432-244
4008 007 43740	432-374
4008 100 03460	281-03460
4008 100 06430	281-528700
4008 100 06470	281-06470
4008 100 06490	281-06490
4008 100 06770	281-528720
4008 100 06850	281-06850
4008 100 06860	281-06860
4008 100 07070	281-07070
4008 100 07140	281-07140
4008 100 07330	281-07330
4008 100 07590	281-07590
4008 100 07610	281-07610
4008 100 07620	281-07620
4008 100 07630	281-07630
4008 100 07640	281-07640
4008 100 07650	281-07650
4008 100 07660	281-07660
4008 100 07670	281-07670
4008 100 07680	281-07680
4008 100 07690	281-07690
4008 100 07700	281-07700
4008 100 07720	281-07720
4008 100 07750	281-07750
4008 100 07760	281-07760
4008 100 07770	281-07770
4008 100 07780	281-07780
4008 100 07810	281-07810
4008 100 07820	281-07820
4008 100 07830	281-07830
4008 100 07840	281-07840
4008 100 07850	281-07850
4008 100 07860	281-07860
4008 100 07870	281-07870
4008 100 07880	281-07880
4008 100 07890	281-07890
4008 100 07900	281-07900
4008 100 07920	281-07920
4008 100 07930	281-07930
4008 100 07940	281-07940
4008 100 07950	281-07950
4008 100 07960	281-07960
4008 100 07970	281-07970
4008 100 07980	281-07980
4008 100 07990	281-07990
4008 100 08000	281-08000
4008 100 08010	281-08010
4008 100 08020	281-08020
4008 100 08040	281-08040
4008 100 08050	281-08050
4008 100 08060	281-08060
4008 100 08070	281-08070
4008 100 08080	281-08080
4008 100 08090	281-08090
4008 100 08100	281-08100
4008 100 08110	281-08110
4008 100 08120	281-08120
4008 100 08130	281-08130
4008 100 08140	281-08140
4008 100 08150	281-08150
4008 100 08160	281-08160
4008 100 08170	281-08170
4008 100 08180	281-08180
4008 100 08190	281-08190
4008 100 08200	281-08200
4008 100 08210	281-08210
4008 100 08220	281-08220
4008 100 08230	281-08230
4008 100 08240	281-08240
4008 100 08250	281-08250
4008 100 08260	281-08260
4008 100 08270	281-08270
4008 100 08520	281-08520
4008 100 08540	281-08540
4008 100 08550	281-08550
4008 100 08560	281-08560
4008 100 08570	281-08570
4008 100 08580	281-08580
4008 100 08630	281-08632
4008 100 08640	281-08643
4008 100 08650	281-08650
4008 100 08660	281-08660
4008 100 08670	281-08670
4008 100 08680	281-08680
4008 100 08690	281-08690
4008 100 08700	281-08700
4008 100 08760	281-08760
4008 100 08840	281-08840
4008 100 08850	281-08850
4008 100 08860	281-08860
4008 100 08900	281-08900
4008 100 08950	281-08950
4008 100 08990	281-08990
4008 100 09020	281-09020
4008 100 09040	281-09040
4008 100 09050	281-09050
4008 100 09060	281-09060
4008 100 09070	281-09070
4008 100 09080	281-09080
4008 100 09090	281-09090
4008 100 09100	281-09100
4008 100 09110	281-09110
4008 100 09120	281-09120
4008 100 09140	281-09140
4008 100 09150	281-09150
4008 100 09190	281-09190
4008 100 09230	281-09230
4008 100 09250	280-627
4008 100 09310	281-09310
4008 100 09330	281-09330
4008 100 09430	281-09430
4008 100 09440	281-09440
4008 100 09470	281-09470
4008 100 09490	281-09490
4008 100 09500	281-09500
4008 100 09510	281-09510
4008 100 09520	281-09520
4008 100 09530	281-09530
4008 100 09550	280-468
4008 100 09560	281-09561
4008 100 09570	281-09571
4008 100 09580	281-09580
4008 100 09620	281-09620
4008 100 09630	281-09630
4008 100 09640	281-09640
4008 100 09650	281-09650
4008 100 09670	281-09670
4008 100 09710	281-09710
4008 100 09750	281-09750
4008 100 09760	281-09760
4008 100 09770	281-09770
4008 100 09780	581-6102
4008 100 09800	581-4331
4008 100 09810	281-09810
4008 100 09820	281-09820
4008 100 09830	281-09830
4008 100 09860	579-347
4008 100 09870	579-602
4008 100 09880	581-833
4008 100 09890	581-7106
4008 100 09900	581-A1272
4008 100 10940	285-10940
4008 100 10950	285-10950
4008 100 11080	281-11080
4008 100 11120	285-11120
4008 100 11300	281-11300
4008 100 11540	285-11540
4008 100 11760	281-11760
4008 100 11820	281-11820
4008 100 11900	285-11900
4008 100 11910	281-11910
4008 100 11920	285-11920
4008 100 11930	285-11930
4008 100 11940	285-11940
4008 100 11960	285-11960
4008 100 11970	285-11970
4008 100 11980	285-11980
4008 100 12030	285-12030
4008 100 12040	383-12040
4008 100 12050	281-12050
4008 100 12060	285-12060
4008 100 12090	383-DT7713004
4008 100 12100	383-FT14320099
4008 100 12160	285-12160
4008 100 12220	281-12220
4008 100 12340	285-12340
4008 100 12370	585-PE65508
4008 100 12380	585-T11T
4008 100 12390	585-TC414
4008 100 20060	581-SLF7045
4008 100 70150	504-2243
4008 100 70160	504-2562
4008 100 70180	503-633
4008 100 70210	504-2150
4008 100 70230	504-000
4008 100 70250	504-3200
4008 100 70260	211-H378
4008 100 70280	211-H380
4008 100 70290	504-1100
4008 100 70300	504-1121
4008 100 70310	504-1150
4008 100 70320	504-1182
4008 100 70330	504-1221
4008 100 70350	504-1332
4008 100 70360	504-1392
4008 100 70370	504-1475
4008 100 70380	504-1562
4008 100 70390	504-1681
4008 100 70400	504-1825
4008 100 70410	504-2100
4008 100 70420	504-2121
4008 100 70430	504-2182
4008 100 70440	504-2221
4008 100 70450	504-2267
4008 100 70460	504-2332
4008 100 70470	504-2392
4008 100 70480	504-2475
4008 100 70490	504-2681
4008 100 70500	504-2825
4008 100 70510	504-3100
4008 100 70520	504-3121
4008 100 70530	504-3150
4008 100 70540	504-3182
4008 100 70550	504-3221
4008 100 70560	504-3267
4008 100 70570	504-3332
4008 100 70580	504-3392
4008 100 70590	504-3475
4008 100 70600	504-3562
4008 100 70610	504-3681
4008 100 70620	504-3825
4008 100 70630	504-4100
4008 100 70640	504-4121
4008 100 70650	504-4150
4008 100 70660	504-4182
4008 100 70670	504-4221
4008 100 70680	504-4267
4008 100 70690	504-4332
4008 100 70700	504-4392
4008 100 70710	504-4475
4008 100 70720	504-4562
4008 100 70730	504-4681
4008 100 70740	504-4825
4008 100 70750	504-5100
4008 100 70760	504-5121
4008 100 70770	504-5150
4008 100 70780	504-5182
4008 100 70790	504-5221
4008 100 70800	504-5267
4008 100 70810	504-5332
4008 100 70830	504-5475
4008 100 70840	504-5562
4008 100 70850	504-5681
4008 100 70860	504-5825
4008 100 70870	504-6100
4008 100 70880	504-1750
4008 100 70910	511-039
4008 100 70920	511-247
4008 100 70930	504-0220
4008 100 70940	504-1110
4008 100 70950	504-2240
4008 100 85030	212-160
4008 100 90230	235-3201
4008 100 90260	235-4101
4008 101 00660	227-6102
4008 101 00730	239-00730
4008 101 00740	239-00740
4008 101 50000	717-JMS5MH
4008 101 50010	717-JYM20H
4008 101 55000	725-V585ME07
4008 101 55010	425-TDLB7
4008 101 60030	257-3104
4008 101 60070	258-5101
4008 101 85010	265-2220251
4008 101 85030	563-115016
4008 101 85040	563-2100162
4008 101 90070	561-068020
4008 101 90080	561-147010
4008 102 00030	251-1564
4008 102 00040	251-1685
4008 102 00050	251-1823
4008 102 00060	251-2108
4008 102 00070	251-2122
4008 102 00090	251-1338
4008 102 00100	251-1394
4008 102 00110	251-1476
4008 102 00120	251-6104
4008 102 00150	251-1123
4008 102 00170	251-1183
4008 102 00180	251-2155
4008 102 00200	251-4106
4008 102 00250	251-1225
4008 102 00350	552-2474
4008 102 00360	552-3101
4008 102 00370	552-312
4008 102 10010	259-010
4008 102 10040	559-120
4008 102 20210	739-EPF6016
4008 102 20240	725-ERA6SM
4008 102 20360	442-002
4008 102 20370	753-HI3050
4008 102 20380	721-AD813
4008 102 20390	721-ADR291
4008 102 20400	743-573
4008 102 20420	721-LM3578
4008 102 20430	725-AD603
4008 102 20450	725-AD9200
4008 102 20460	711-CY7B923
4008 102 20470	739-L64780
4008 102 20480	739-L64724
4008 102 20490	725-AD7417
4008 102 20500	739-LM81
4008 102 20510	753-KM68V1000
4008 102 20540	739-ADM3491
4008 102 20550	739-ADM3311
4008 102 20560	736-32
4008 102 20570	736-08
4008 102 20590	736-573
4008 102 20600	739-LMX2326
4008 102 20610	721-AD826
4008 102 20620	753-80C321
4008 102 20640	751-EPF6016A
4008 102 20650	739-DS90LV031A
4008 102 20660	721-MAX1700
4008 102 20670	736-74LCX74DT
4008 102 20680	753-NM24C09
4008 102 20710	725-ERA1SM
4008 102 20740	725-AD828
4008 102 20750	753-M48T35Y
4008 102 20760	739-ADM706
4008 102 20830	739-TPS7101QD
4008 102 50420	421-MC1741
4008 102 50560	421-318
4008 102 50620	421-LM361
4008 102 54260	439-DS75494
4008 102 54270	453-28C17
4008 102 54280	453-5116
4008 102 55100	453-IDT7130
4008 102 55420	439-145156
4008 102 55440	451-18CV8
4008 102 55490	421-LT10865
4008 102 55630	421-MC34085
4008 102 55670	453-80C312
4008 102 56040	421-MC1496
4008 102 56290	445-86
4008 102 58020	451-8425
4008 102 58030	451-3850
4008 102 58380	439-3692
4008 102 58390	421-LT1072
4008 102 59060	444-821
4008 102 59500	425-6440
4008 102 59510	425-2030
4008 102 59660	739-DSP56001
4008 102 60110	401-2811
4008 102 60140	406-06V2
4008 102 60150	401-5082
4008 102 60180	401-KBU4
4008 102 60190	401-GBPC2502
4008 102 60340	411-VTL5C4
4008 102 60500	701-BAT1704
4008 102 60510	701-HSMP3810
4008 102 60540	401-SB360
4008 102 60560	407-TLHB4200
4008 102 60590	707-SML210LT
4008 102 60610	403-16V
4008 102 70240	413-2N3209
4008 102 70480	415-BUV26
4008 102 70490	413-BF588
4008 102 70500	713-BFG97S
4008 102 70510	713-BFG31S
4008 102 70520	401-SFH309-4
4008 102 70540	713-BF579
4008 102 70550	713-849
4008 102 70560	713-BFG194
4008 102 70570	713-BFG19S
4008 103 00880	299-710003
4008 103 00910	299-73890
4008 103 00920	299-680005
4008 103 01070	299-0327685
4008 103 01210	299-720002
4008 103 01250	299-6582401
4008 103 01270	299-658500
4008 103 01310	299-71350
4008 103 01320	299-716002
4008 103 01410	299-7240001
4008 103 01480	299-716384
4008 103 01520	299-710002
4008 103 01530	299-718432
4008 103 01540	299-712002
4008 103 01580	299-7327000
4008 103 01650	299-711052
4008 103 01740	599-7294912
4008 103 01750	599-736571429
4008 103 01760	599-727000
4008 103 01780	599-CRS06
4008 103 10030	105-LAMPE-OL327
4008 103 55290	334-59S201
4008 103 55360	334-59S101
4008 103 55460	334-29K501
4008 103 55500	306-82MCX
4008 103 55520	334-51K409
4008 103 55570	334-45K201
4008 103 55590	334-BNC51K
4008 103 55630	334-227677
4008 103 56000	306-227673
4008 103 56030	319-56030
4008 103 56140	631-29K201
4008 103 60260	311-4179107
4008 103 60340	311-4179104
4008 103 60410	311-4179106
4008 103 65980	318-0641
4008 103 66010	318-040
4008 103 66020	320-060
4008 103 66030	318-0401
4008 103 66060	318-0261
4008 103 66070	318-0262
4008 103 66090	311-027
4008 103 66110	313-0026
4008 103 66140	312-0021
4008 103 66150	312-0031
4008 103 66160	312-006
4008 103 66200	316-004
4008 103 66210	316-251205
4008 103 66220	333-214216
4008 103 66230	316-251213
4008 103 66240	306-66240
4008 103 66280	337-01506
4008 103 66410	312-020
4008 103 66430	311-0043
4008 103 66440	311-AMP10
4008 103 66550	315-HST28
4008 103 66580	312-XLM-3
4008 103 66600	331-215595
4008 103 66670	603-441
4008 103 66740	313-504603
4008 103 66750	337-00909
4008 103 66820	312-008
4008 103 66830	337-02504
4008 103 66880	316-0161
4008 103 66890	316-0141
4008 103 66900	631-060
4008 103 80010	319-80010
4008 104 00000	160-YJ0574
4008 104 00010	160-PTV00010
4008 104 00020	165-RW43
4008 104 20000	612-RCT0805
4008 104 20010	612-RCS1206
4008 104 60090	349-MTA106D-PC
4008 104 71450	343-71450
4008 104 90410	341-RBP12105
4008 104 90420	341-RBP12107
4008 104 90430	341-MA02L2
4008 104 95030	351-RH-12V
4008 104 95060	351-RK1-5V
4008 104 95670	651-P1
4008 105 00140	379-PTV00140
4008 105 00160	379-PTV00160
4008 105 00200	379-PTV00200
4008 105 00350	379-00350
4008 105 00360	379-00360
4008 105 00800	379-PTV00800
4008 105 00810	379-PTV00810
4008 105 00850	379-PTV00850
4008 105 00860	379-PTV00860
4008 105 00870	379-PTV00870
4008 105 01010	379-PTV01010
4008 105 01190	379-01190
4008 105 01290	379-01290
4008 105 01350	379-PTV01350
4008 105 01910	371-PTV01910
4008 105 02310	379-PTV02310
4008 105 02320	379-PTV02320
4008 105 02330	379-PTV02330
4008 105 02340	379-PTV02340
4008 105 02350	371-02350
4008 105 02360	371-02360
4008 105 02370	371-02370
4008 105 02380	371-02380
4008 105 02570	379-PTV02570
4008 105 02620	375-02620
4008 105 03490	379-03490
4008 105 04190	379-PTV04190
4008 105 04300	379-PTV04300
4008 105 25060	663-335
4008 105 87860	379-PTV87860
4008 105 87880	379-PTV87880
4008 105 87890	379-PTV87890
4008 105 87940	379-PTV87940
4008 105 87950	379-PTV87950
4008 105 87970	379-PTV87970
4008 105 88000	379-88000
4008 105 88020	379-PTV88020
4008 105 88030	379-PTV88030
4008 105 88090	379-PTV88090
4008 105 88100	379-88100
4008 105 88110	379-88110
4008 105 88160	379-88160
4008 105 88170	379-88170
4008 105 88180	379-88180
4008 105 88200	379-PTV88200
4008 105 88230	379-PTV88230
4008 105 88240	379-PTV88240
4008 105 88250	379-PTV88250
4008 105 88520	379-PTV88520
4008 105 88550	379-88550
4008 105 88580	379-PTV88580
4008 105 88610	379-PTV88610
4008 105 88640	379-PTV88640
4008 105 88650	379-PTV88650
4008 105 88670	379-PTV88670
4008 105 88890	379-PTV88890
4008 105 88900	379-PTV88900
4008 105 88910	379-PTV88910
4008 105 88920	379-PTV88920
4008 105 88940	379-88940
4008 105 88950	379-PTV88950
4008 105 89380	371-WZT3001
4008 105 89530	379-PTV89530
4008 105 89750	379-PTV89750
4008 105 89760	379-PTV89760
4008 105 89770	379-PTV89770
4008 105 89820	371-89820
4008 105 89830	371-89830
4008 105 89890	371-89890
4008 105 89900	375-89900
4008 105 89950	379-PTV89950
4008 105 90190	180-KK501
4008 105 90680	425-SRA11H
4008 105 90840	409-M10L
4008 105 90880	298-71001
4008 105 91350	421-205S24
4008 105 91410	453-M4T28
4008 106 82760	035-PTV82760
4008 106 82890	035-PTV82890
4008 106 83110	035-PTV83110
4008 107	371-PTV45
4008 107 20970	105-1233
4008 107 25150	349-KNITTER
4008 107 25280	105-AT3469
4008 107 25460	105-25460
4008 107 25470	160-PTV25470
4008 107 25520	365-PTV25520
4008 107 30190	160-PTV30190
4008 107 30210	160-PTV30210
4008 107 30320	160-30320
4008 107 35330	160-PTV35330
4008 107 35520	160-35520
4008 107 35550	160-35550
4008 107 35620	160-PTV35620
4008 107 35710	107-0251
4008 107 36020	160-PTV36020
4008 107 36160	160-36160
4008 107 36210	160-PTV36210
4008 107 36260	160-PTV36260
4008 107 36320	160-36320
4008 107 36490	160-36490
4008 107 45210	211-0000701E
4008 107 45220	211-0000702E
4008 107 45230	211-0000703E
4008 107 45240	211-0000704E
4008 107 45250	371-PTV45250
4008 107 45260	211-0000706E
4008 107 45310	371-PTV45310
4008 107 45390	371-PTV45390
4008 107 45520	371-PTV45520
4008 107 45530	371-PTV45530
4008 107 45540	371-PTV45540
4008 107 45550	371-PTV45550
4008 107 45580	371-PTV45580
4008 107 45590	371-PTV45590
4008 107 45600	371-PTV45600
4008 107 45610	371-PTV45610
4008 107 45620	371-PTV45620
4008 107 46060	211-0000501E
4008 107 46070	211-0000502E
4008 107 46080	211-0000503E
4008 107 46090	211-0000504E
4008 107 55310	160-PTV55310
4008 107 55650	160-PTV55650
4008 107 55670	160-PTV55670
4008 107 56190	160-PTV56190
4008 107 56240	160-PTV56240
4008 107 56250	160-56250
4008 107 56330	160-PTV56330
4008 107 56460	160-56460
4008 107 56480	160-PTV56480
4008 107 56560	160-PTV56560
4008 107 56590	160-PTV56590
4008 107 57290	160-PTV57290
4008 107 57300	160-PTV57300
4008 107 57330	160-57330
4008 107 57420	160-PTV57420
4008 107 57450	160-PTV57450
4008 107 57460	160-PTV57460
4008 107 57510	160-57510
4008 107 57570	160-PTV57570
4008 107 57980	160-PTV57980
4008 107 57990	160-PTV57990
4008 107 58090	160-PTV58090
4008 107 58120	107-552634
4008 107 58130	160-58130
4008 107 58170	160-PTV58170
4008 107 58240	160-58240
4008 107 58310	160-PTV58310
4008 107 58370	160-PTV58370
4008 107 58690	160-PTV58690
4008 107 58700	160-PTV58700
4008 107 59060	160-59060
4008 107 59200	160-59200
4008 107 76820	160-PTV76820
4008 107 77710	160-PTV77710
4008 107 77720	160-PTV77720
4008 107 77990	160-77990
4008 107 78010	160-78010
4008 107 78210	160-78210
4008 107 78280	160-PTV78280
4008 107 78440	160-PTV78440
4008 107 78480	160-78480
4008 107 78670	160-PTV78670
4008 107 78680	160-PTV78680
4008 107 78700	160-PTV78700
4008 107 78720	160-PTV78720
4008 107 78790	160-78790
4008 107 78800	160-78800
4008 107 78980	160-PTV78980
4008 107 79020	160-PTV79020
4008 107 79080	160-PTV79080
4008 107 79100	160-PTV79100
4008 107 79180	160-PTV79180
4008 107 79250	160-PTV79250
4008 107 79310	160-PTV79310
4008 107 79500	160-PTV79500
4008 107 79550	160-PTV79550
4008 107 79590	160-PTV79590
4008 107 79660	160-PTV79660
4008 107 79690	160-PTV79690
4008 107 79800	160-PTV79800
4008 107 79860	160-PTV79860
4008 107 79960	160-PTV79960
4008 107 79970	160-79970
4008 107 81210	160-PTV81210
4008 107 90840	105-2581
4008 107 90870	160-PTV90870
4008 107 90890	105-2582
4008 107 98680	199-10798680
4008 108 01030	105-040
4008 108 02160	160-PTV02160
4008 108 02560	165-02560
4008 108 02650	160-PTV02650
4008 108 03250	165-03250
4008 108 03380	160-PTV03380
4008 108 03470	160-PTV03470
4008 108 03540	369-132820
4008 108 03570	160-PTV03570
4008 108 03650	160-PTV03650
4008 108 03660	160-PTV03660
4008 108 03670	160-PTV03670
4008 108 03680	160-PTV03680
4008 108 03690	160-PTV03690
4008 108 03740	160-PTV03740
4008 108 04850	160-PTV04850
4008 108 50890	160-PTV50890
4008 108 54410	160-PTV54410
4008 108 96680	SMD-PTV22
4008 108 97630	850-PTV10
4008 108 97640	850-PTV11
4008 108 97650	850-PTV12
4008 108 97660	850-PTV13
4008 108 97670	850-PTV14
4008 109 72080	850-PTV17
4008 109 73350	850-PTV235
4008 109 80690	850-PTV15
4008 109 82520	SMD-PTV207
4008 109 82530	SMD-PTV208
4008 109 82540	SMD-PTV168
4008 109 83050	850-PTV202
4008 109 83110	SMD-PTV209
4008 109 83590	850-PTV122
4008 109 83890	SMD-PTV203
4008 109 84190	SMD-PTV21
4008 109 84200	SMD-PTV188
4008 109 84650	SMD-PTV145
4008 109 84680	SMD-PTV77
4008 109 85110	SMD-PTV124
4008 109 85660	SMD-PTV165
4008 109 85690	SMD-PTV164
4008 109 85960	SMD-PTV161
4008 117	199-117
4008 117 02780	199-11702780
4008 117 02800	199-11702800
4008 117 02810	199-11702810
4008 117 02820	199-11702820
4008 117 02830	199-11702830
4008 117 02840	199-11702840
4008 117 02850	199-11702850
4008 117 02860	199-11702860
4008 117 02870	198-11702870
4008 117 02880	199-11702880
4008 117 02890	199-11702890
4008 117 02920	199-11702920
4008 117 02930	199-11702930
4008 117 02940	199-11702940
4008 117 03020	199-11703020
4008 117 03200	199-11703200
4008 117 03210	199-11703210
4008 117 03220	199-11703220
4008 117 03350	199-11703350
4008 117 03390	199-11703390
4008 117 03470	199-11703470
4008 117 03530	199-11703530
4008 117 03570	199-11703570
4008 117 03580	199-11703580
4008 117 03600	199-PTV80
4008 117 03610	199-11703610
4008 117 03630	199-11703630
4008 117 03650	198-11703650
4008 117 03660	198-11703660
4008 117 03670	199-11703670
4008 117 03680	199-PTV08
4008 117 03700	198-11703700
4008 117 03710	198-11703710
4008 117 03720	198-11703720
4008 117 03730	198-11703730
4008 117 03790	199-11703790
4008 117 03800	199-11703800
4008 117 03810	199-11703810
4008 117 03820	199-11703820
4008 117 03840	199-11703840
4008 117 04000	199-11704000
4008 117 04010	199-11704010
4008 117 04020	199-11704020
4008 117 04030	198-11704030
4008 117 04080	199-11704080
4008 117 04150	198-11704150
4008 117 04200	199-11704200
4008 117 04210	199-11704210
4008 117 04310	199-11704310
4008 117 04320	199-11704320
4008 117 04360	199-11704360
4008 117 04400	199-11704400
4008 117 04410	199-11704410
4008 117 04420	199-11704420
4008 117 04500	199-PTV81
4008 117 04610	199-PTV82
4008 117 04620	199-11704620
4008 117 04630	199-11704630
4008 117 04640	199-11704640
4008 117 04650	199-11704650
4008 117 04670	199-PTV84
4008 117 04730	199-11704730
4008 117 04740	199-PTV83
4008 117 04770	199-11704770
4008 117 04840	199-11704840
4008 117 04860	199-11704860
4008 117 04870	199-11704870
4008 117 04880	199-11704880
4008 117 04910	199-11704910
4008 117 04970	199-11704970
4008 117 04990	198-11704990
4008 117 05050	199-11705050
4008 117 05070	199-11705070
4008 117 05150	199-11705150
4008 117 05160	199-11705160
4008 117 05170	199-11705170
4008 117 05180	199-11705180
4008 117 05190	199-11705190
4008 117 05200	199-11705200
4008 117 05220	198-11705220
4008 117 05260	199-11705260
4008 117 05270	199-11705270
4008 117 05300	199-11705300
4008 117 05340	199-11705340
4008 117 05360	198-11705360
4008 117 05400	199-11705400
4008 117 05410	199-11705410
4008 117 05560	199-11705560
4008 117 05600	199-11705600
4008 117 05660	199-11705660
4008 117 05680	199-11705680
4008 117 05760	199-11705760
4008 117 05770	199-11705770
4008 117 05780	199-11705780
4008 117 05840	199-11705840
4008 117 05940	199-11705940
4008 117 05960	199-11705960
4008 117 05970	199-11705970
4008 117 05980	199-11705980
4008 117 06000	198-11706000
4008 117 06010	199-11706010
4008 117 06020	198-11706020
4008 117 06060	198-11706060
4008 117 06100	199-11706100
4008 117 06110	199-11706110
4008 117 06130	199-11706130
4008 117 06160	199-11706160
4008 117 06210	199-11706210
4008 117 06250	199-11706250
4008 117 06370	198-11706370
4008 117 06380	198-11706380
4008 117 06460	198-11706460
4008 117 06470	198-11706470
4008 117 06610	199-11706610
4008 117 06640	198-11706644
4008 117 06650	198-11706650
4008 117 06680	198-11706680
4008 117 06840	199-PTV79
4008 117 06850	198-11706850
4008 117 06860	198-11706860
4008 117 06880	198-11706880
4008 117 06900	198-11706900
4008 117 06920	198-11706920
4008 117 06960	198-11706960
4008 117 06970	198-11706970
4008 119 20570	199-11920570
4008 119 20600	199-11920600
4008 119 20850	199-11920850
4008 119 20860	199-11920860
4008 119 21420	199-11921420
4008 119 21550	199-11921550
4008 119 21710	199-11921710
4008 119 21720	199-11921720
4008 119 21770	199-11921770
4008 119 21780	199-11921780
4008 119 30290	285-30290
4008 119 30300	285-30300
4008 119 30920	160-PTV30920
4008 127 01480	160-01480
4008 127 01500	160-01500
4008 127 01510	160-01510
4008 127 01550	160-01550
4008 127 02150	160-02150
4008 127 03290	160-PTV03290
4008 127 03300	160-PTV03300
4008 127 04030	160-PTV04030
4008 127 77450	160-77450
4008 127 77460	160-PTV77460
4008 127 77470	160-PTV77470
4008 127 77500	160-PTV77500
4008 127 77510	160-77510
4008 127 77520	160-77520
4022 006 58510	165-58510
4022 006 58710	165-58710
4022 007 45420	160-PTV45420
4022 100 22330	160-PTV22330
4022 102 38400	160-PTV38400
4022 242 02310	160-PTV02310
4022 242 09090	160-PTV09090
4022 242 12460	160-PTV12460
4022 369 70760	383-TFE3015
4022 863 42910	160-42910
4022 867 74140	160-PTV74140
4312 020 31060	291-31060
4312 020 36640	281-36640
4322 020 34400	291-3440
4322 020 34420	291-34420
4322 021 33950	160-33950
4322 046 20080	165-SPINDEL
4322 047 00370	105-00370
4322 057 01010	281-01010
4322 057 01020	281-01020
4322 057 01080	281-01080
4322 057 01090	281-01090
4322 057 03310	281-03310
4322 057 03380	281-05703380
4322 057 03390	281-03390
4322 057 11030	281-05711030
4322 057 13320	281-13320
4322 143 04100	299-66000
4322 143 04150	299-650001
4322 143 05360	299-658240
4322 191 10000	298-7100
8208 110 00300	343-00300
8208 110 00440	281-00440
8208 110 00470	425-AD539
8208 110 00480	439-MC145152
8208 110 00530	343-TSS21
8208 110 00560	375-FSP21A
8208 110 00570	251-3225
8208 110 00580	251-1336
8208 110 00620	256-5104
8208 110 00690	313-1061
8208 110 00740	343-00740
8208 110 00850	439-7218
8208 110 00860	401-3081
8208 110 00890	439-4812
8208 110 00910	425-MB504
8208 110 00920	239-00920
8208 110 01070	341-RBP12112
8208 110 01090	444-138
8208 110 01100	407-HLMP0301
8208 110 01110	407-HLMP0401
8208 110 01120	407-HLMP0504
8208 110 01270	425-TDC1012
8208 110 01300	313-504606
8208 110 01600	581-7101
8208 110 01690	581-722
8208 110 01710	319-01710
8208 110 01720	439-MAX222
8208 110 01730	742-4053-2
8208 110 01740	713-BCY87
8208 110 01750	725-CF70091
8208 110 01760	160-FK224
8222 206 33900	105-LAMPE-GL11
9322 004 73682	425-AD7537
9322 005 84682	701-BA885
9322 012 31682	425-TA8662
9322 022 37682	751-XC2064
9322 027 08682	425-MAX500
9322 030 86682	425-SSM2142
9322 031 71682	421-072
9322 031 72682	421-TL074
9322 033 12682	421-2020
9322 033 44682	425-MAX170
9322 047 96682	425-AD827
9322 054 06682	439-377
9322 054 07682	421-LMC662
9322 061 57682	739-GS9005
9322 061 58682	739-GS9000
9322 061 59682	739-GS9007
9322 061 60682	725-EL4581
9322 065 21682	425-DG611
9322 065 23682	451-DS80C320
9322 065 24682	444-Q573
9322 065 27682	451-MK48Z08
9322 065 46682	425-DG613
9322 066 96682	425-TL026
9330 127 70113	401-BAX12
9330 634 20112	413-BF199
9330 921 11215	713-BFS20
9330 989 90215	701-BAW56
9330 990 00215	713-BSV52
9331 012 20113	401-BAW62
9331 176 70113	403-03V31
9331 176 90113	403-03V91
9331 177 10113	403-04V71
9331 177 20113	403-05V11
9331 177 30113	403-05V61
9331 177 40113	403-06V21
9331 177 50113	403-06V82
9331 177 60113	403-0075
9331 177 70113	403-08V2C
9331 177 80113	403-09V11
9331 178 30113	403-15VA
9331 179 00113	403-30V1
9331 179 30113	403-39V1
9331 179 90113	403-0680
9331 331 70112	419-BSV79
9331 331 90112	419-BSV81
9331 373 90215	703-05V1
9331 374 10215	703-06V2
9331 374 50215	703-09V1
9331 374 80215	703-12V
9331 491 80112	413-327
9331 492 00112	413-337
9331 634 84215	719-BFR30
9331 669 10113	403-15V1
9331 669 60113	403-24V2
9331 677 40112	413-4501
9331 795 30112	413-BC3271
9331 849 10215	701-70
9331 849 20215	717-BBY31
9331 892 00113	401-BAV20
9331 892 10113	401-BAV21
9331 905 20112	419-BF256
9331 905 60112	413-BC264
9331 970 60113	406-BZV11
9331 976 30112	413-BC547B
9332 026 20112	413-557
9332 110 51682	421-7805
9332 153 70215	701-99
9332 155 30112	413-2N5551
9332 233 10112	421-LM3111
9332 395 00602	425-NE521
9332 593 60112	413-BF423
9332 754 40112	413-2N5401
9332 759 70682	432-154
9332 775 70112	441-4001_1
9332 775 90112	441-40113
9332 776 10112	441-4013
9332 776 20112	441-4017_1
9332 824 20112	441-4051_1
9332 824 30112	441-4052
9332 824 60112	441-4020_1
9332 826 00112	441-4018
9332 826 10112	441-4022
9332 826 60112	441-40531
9332 827 40112	441-4030
9332 870 60112	432-26
9332 872 20112	432-86
9332 966 50112	441-4066
9332 966 70112	441-4043
9332 967 40112	441-4104
9333 182 80113	401-BB405B
9333 243 20112	441-4516
9333 243 30112	441-4528
9333 343 60112	441-40161
9333 477 40112	713-BFT93
9333 485 60112	425-LM339
9333 729 40652	741-4051
9333 729 60112	741-4053
9333 878 80112	419-SCR151
9333 935 10602	421-LM358N
9334 067 10652	441-4517
9334 107 50215	719-BSR57
9334 276 70602	425-NE5534
9334 372 20682	421-LM317
9334 395 10602	439-NE587
9334 471 30682	439-8212
9334 500 90112	413-PH2369
9334 632 90112	401-BA482
9334 642 80602	432-378
9334 771 00602	421-5533
9334 888 40602	425-NE5539
9334 946 40112	415-11
9334 952 60682	421-LF353
9334 987 80682	421-CA3130
9335 001 80112	401-BYV95
9335 004 90682	425-AD7533
9335 023 40682	421-CA3080
9335 053 10215	701-BBY40
9335 084 00215	713-BSR16
9335 148 30112	411-CNX35
9335 154 20113	401-BB809
9335 157 30682	439-ICL7107
9335 183 20682	421-79L05
9335 219 20112	413-BFR90A
9335 219 80112	413-BFQ23
9335 219 90112	413-BFQ32
9335 266 50602	425-NE5532
9335 296 90112	411-CQY58A
9335 305 60682	421-LM337
9335 321 40112	413-2N3866
9335 394 50112	713-BFR91
9335 394 60112	413-BFR96S
9335 435 10112	401-BYV272
9335 499 00682	421-LM78L05
9335 500 20212	701-BRY62
9335 515 70215	713-BFR93
9335 535 90113	401-BYV28
9335 593 40682	407-TLR124
9335 593 70682	407-3G6
9335 594 00682	407-TLY124
9335 671 90112	441-40245
9335 716 30112	421-5517
9335 845 40682	434-00
9335 855 80682	432-629
9335 896 30215	713-847
9335 897 90215	713-858
9336 008 20112	439-SAA1043
9336 008 30112	439-SAA1044
9336 056 80682	421-LM3171
9336 057 90682	409-HDSP5501
9336 088 50112	413-BFQ34
9336 238 60112	439-SAA1300
9336 247 30113	401-BAT81
9336 247 60113	401-BAT85
9336 286 90215	713-BC859
9336 412 10682	434-112
9336 419 40682	439-AD589
9336 498 90682	439-75160
9336 499 00682	439-75161
9336 508 70112	419-BS170
9336 508 80112	419-BS250
9336 535 00112	401-BYV26
9336 559 60602	721-LM339
9336 560 40602	721-NE521
9336 645 60602	425-DAC08
9336 687 50112	442-00
9336 687 60112	442-02
9336 687 70112	442-04
9336 687 80112	442-08
9336 687 90112	442-10
9336 688 00112	442-11
9336 688 20112	442-27
9336 688 30112	442-32
9336 688 70112	442-861
9336 690 10112	442-041
9336 690 30112	442-132
9336 690 50112	442-164
9336 691 30112	442-74
9336 692 60112	442-109
9336 692 90112	442-138
9336 693 00112	442-139
9336 693 30112	442-153
9336 693 40112	442-157
9336 693 60112	442-160
9336 693 70112	442-161
9336 694 00112	442-165
9336 694 10112	442-166
9336 694 20112	442-173
9336 694 30112	442-174
9336 694 40112	442-175
9336 694 60112	442-191
9336 694 80112	442-1931
9336 695 30112	442-251
9336 695 50112	442-257
9336 696 00112	442-367
9336 696 10112	442-368
9336 696 80112	442-4017
9336 697 00112	442-4040
9336 697 20112	442-4049
9336 697 40112	442-4051
9336 697 50112	442-4052
9336 697 60112	442-4053
9336 697 70112	442-4060
9336 698 20112	442-4518
9336 698 30112	442-4520
9336 698 40112	442-4538
9336 698 60112	442-670
9336 705 40112	442-244
9336 706 90112	442-573
9336 707 00112	442-574
9336 777 30112	413-BFQ66
9336 814 30112	413-BSD214
9336 994 60115	704-05V6
9337 060 60112	453-PCF8574P
9337 105 30112	413-BST72
9337 133 60112	742-00
9337 133 80112	742-74
9337 134 00112	742-138
9337 140 00112	742-041
9337 140 30112	742-86
9337 142 70112	742-08
9337 143 00112	742-20
9337 143 10112	742-32
9337 145 10112	742-160
9337 147 80112	742-4040
9337 148 30112	742-4052
9337 148 40112	742-4053
9337 149 00112	742-4520
9337 149 10112	742-4538
9337 155 20112	742-574
9337 203 30682	721-TL072
9337 326 70112	451-80C31
9337 422 90215	701-BAT74
9337 481 50682	401-ESJA52
9337 497 30682	421-LM3372
9337 506 30682	425-7528
9337 572 80112	442-283
9337 574 00112	442-4059
9337 622 60682	401-KBP02
9337 628 20682	409-HLMP2620
9337 639 80115	713-PXT3904
9337 639 90115	713-PXT3906
9337 681 30112	453-PCF8591
9337 688 60602	434-174
9337 716 30682	413-BF979
9337 812 30682	421-L296
9337 947 10602	434-161
9337 948 60602	434-283
9337 950 80602	434-574
9338 018 60682	421-LM3046
9338 095 40112	442-4046
9338 218 20115	713-PXT2222A
9338 427 80682	425-MSA0404
9338 512 70682	753-DAC08
9338 517 00112	439-84C00
9338 652 80112	439-PCF8583P
9338 653 70682	439-MAX232
9338 745 90682	421-5320
9338 909 60113	403-01V4
9338 909 70153	403-02V0
9338 915 80682	415-321
9338 945 10127	401-BYV143
9339 051 70112	425-TDA8702
9339 074 10682	721-LF353
9339 199 20115	713-BFG97
9339 265 80682	445-00
9339 539 30682	425-LM1881
9339 553 90127	415-BUK456
9339 670 40682	421-1070
9339 744 80682	439-MAX693
9339 799 90682	721-LM317
9339 800 00682	721-337
9339 813 80112	425-TDA3845
9339 817 20602	453-SCC2692
9339 990 90602	434-06
9340 001 80115	713-BFG31
9340 267 50215	701-BAS70-07
9340 372 00115	701-BYG90-90
9350 243 10112	453-80C313
9350 244 80112	425-TDA9820
9350 275 40602	439-ABT245
9350 319 00112	439-PCA8510
9350 411 20112	425-TDA1547
9351 954 30551	425-TDA1373
9390 261 90002	367-56364
9390 272 20002	367-56360
9390 280 70112	160-56359D
9390 298 30008	305-BASE55595
9922 520 00323	299-6640
	
