 382.0, 0.116,000.48,000.78,000.07,25.0
 388.0, 0.337,000.38,000.06,000.24,25.0
 398.0, 0.444,000.74,000.10,000.74,25.0
 404.0, 1.606,002.45,000.19,012.08,25.0
 412.0, 2.222,011.19,000.37,042.56,25.0
 421.0, 2.747,022.77,000.94,102.56,25.0
 428.0, 3.125,032.92,001.55,144.99,25.0
 435.0, 3.561,052.01,002.49,189.52,25.0
 444.0, 4.635,080.03,005.76,275.39,25.0
 451.0, 5.000,080.35,010.42,306.38,25.0
 456.0, 3.938,052.38,011.53,238.03,25.0
 462.0, 6.104,060.48,021.13,319.54,25.0
 470.0, 6.888,060.92,025.79,262.30,25.0
 478.0, 7.297,060.44,038.90,193.79,25.0
 487.0, 7.076,033.07,064.15,132.00,25.0
 494.0, 9.432,014.93,128.64,127.10,25.0
 504.0, 8.168,006.09,156.96,067.91,25.0
 514.0, 9.282,007.95,307.07,041.53,25.0
 520.0,11.116,016.56,462.38,034.50,25.0
 526.0, 9.813,030.50,474.64,018.48,25.0
 532.0, 9.890,066.20,525.24,010.13,25.0
 539.0,12.064,150.89,669.33,005.52,25.0
 548.0, 9.401,165.66,523.90,002.34,25.0
 555.0,14.113,345.27,786.00,002.23,25.0
 563.0,15.821,492.04,899.19,001.71,25.0
 570.0,12.884,470.26,726.40,001.08,25.0
 576.0,17.719,700.90,948.40,001.29,25.0
 584.0,15.697,670.22,722.08,000.92,25.0
 590.0,12.695,569.03,528.61,000.66,25.0
 597.0,18.589,876.20,691.67,000.76,25.0
 605.0, 9.874,471.57,322.37,000.34,25.0
 611.0, 9.830,450.14,281.35,000.32,25.0
 616.0,11.961,516.69,299.28,000.34,25.0
 627.0,12.058,439.06,199.26,000.34,25.0
 634.0,11.820,362.87,133.18,000.39,25.0
 644.0,10.357,249.18,074.55,000.52,25.0
 651.0,11.802,209.84,058.06,000.94,25.0
 660.0,10.721,126.29,034.16,001.35,25.0
 666.0,10.914,092.54,024.75,001.46,25.0
 672.0,11.137,063.73,016.72,001.22,25.0
 678.0,12.118,045.16,011.85,000.91,25.0
 688.0, 9.035,018.85,005.23,000.42,25.0
 695.0, 5.417,006.58,002.02,000.21,25.0
 704.0, 9.681,005.83,002.10,000.28,25.0
 708.0, 9.904,004.57,001.70,000.29,25.0
 714.0, 5.904,001.67,000.65,000.17,25.0
 721.0, 8.270,001.46,000.55,000.22,25.0
 728.0, 6.281,000.69,000.25,000.17,25.0
 734.0, 4.710,000.34,000.13,000.12,25.0
 742.0, 6.863,000.35,000.11,000.17,25.0
 747.0, 4.615,000.19,000.06,000.10,25.0
 757.0, 4.153,000.12,000.04,000.10,25.0
 798.0,27.301,000.73,000.21,000.43,25.0
 826.0,37.380,002.71,002.49,001.06,25.0
 851.0,33.818,005.52,005.49,001.94,25.0
