 382.0, 0.116,000.82,001.20,000.14,25.0
 388.0, 0.337,000.85,000.10,000.86,25.0
 398.0, 0.444,001.58,000.12,004.02,25.0
 404.0, 1.606,005.85,000.37,047.20,25.0
 412.0, 2.222,018.68,000.86,139.46,25.0
 421.0, 2.747,038.06,002.05,281.02,25.0
 428.0, 3.125,056.45,003.34,370.06,25.0
 435.0, 3.561,087.29,005.57,455.18,25.0
 444.0, 4.635,133.41,014.15,630.88,25.0
 451.0, 5.000,137.81,022.47,671.92,25.0
 456.0, 3.938,095.49,021.84,491.79,25.0
 462.0, 6.104,116.78,039.23,626.43,25.0
 470.0, 6.888,106.37,055.64,505.32,25.0
 478.0, 7.297,094.79,090.97,383.84,25.0
 487.0, 7.076,057.09,144.01,260.86,25.0
 494.0, 9.432,031.82,266.68,245.76,25.0
 504.0, 8.168,015.26,326.14,131.37,25.0
 514.0, 9.282,024.64,584.36,074.47,25.0
 520.0,11.116,047.42,814.29,058.64,25.0
 526.0, 9.813,071.75,784.48,030.32,25.0
 532.0, 9.890,127.74,839.81,017.01,25.0
 539.0,12.064,259.82,1031.9,009.73,25.0
 548.0, 9.401,282.90,812.38,004.64,25.0
 555.0,14.113,582.69,1221.2,004.94,25.0
 563.0,15.821,815.45,1370.7,004.28,25.0
 570.0,12.884,755.40,1054.5,003.04,25.0
 576.0,17.719,1110.5,1333.4,003.98,25.0
 584.0,15.697,1054.7,1014.5,003.48,25.0
 590.0,12.695,887.40,751.74,002.87,25.0
 597.0,18.589,1326.3,973.28,004.39,25.0
 605.0, 9.874,692.41,434.79,002.54,25.0
 611.0, 9.830,653.53,365.78,002.75,25.0
 616.0,11.961,742.03,376.55,003.53,25.0
 627.0,12.058,614.27,238.72,004.43,25.0
 634.0,11.820,493.98,157.26,005.32,25.0
 644.0,10.357,325.47,085.89,005.62,25.0
 651.0,11.802,262.96,063.81,006.02,25.0
 660.0,10.721,151.63,035.45,004.10,25.0
 666.0,10.914,108.32,024.99,003.30,25.0
 672.0,11.137,071.57,016.44,002.64,25.0
 678.0,12.118,049.81,011.69,002.38,25.0
 688.0, 9.035,020.16,005.06,001.42,25.0
 695.0, 5.417,006.96,001.92,000.73,25.0
 704.0, 9.681,006.24,001.89,001.04,25.0
 708.0, 9.904,004.87,001.50,000.98,25.0
 714.0, 5.904,001.82,000.59,000.53,25.0
 721.0, 8.270,001.55,000.50,000.60,25.0
 728.0, 6.281,000.74,000.25,000.40,25.0
 734.0, 4.710,000.40,000.15,000.29,25.0
 742.0, 6.863,000.38,000.14,000.34,25.0
 747.0, 4.615,000.22,000.09,000.23,25.0
 757.0, 4.153,000.16,000.07,000.19,25.0
 798.0,27.301,000.73,000.63,000.82,25.0
 826.0,37.380,002.00,003.00,001.65,25.0
 851.0,33.818,003.40,003.11,002.53,25.0
