102.25,109.37,115.54
102.26,109.37,115.54
102.26,109.37,115.53
102.25,109.36,115.51
102.25,109.37,115.50
102.26,109.37,115.54
102.27,109.38,115.55
102.24,109.34,115.51
102.22,109.32,115.48
102.18,109.30,115.46
102.18,109.30,115.46
102.18,109.30,115.46
102.14,109.23,115.40
102.10,109.20,115.36
102.06,109.18,115.33
102.05,109.17,115.33
102.05,109.17,115.33
102.04,109.13,115.32
102.01,109.11,115.28
101.96,109.06,115.24
101.95,109.06,115.22
101.95,109.04,115.22
101.94,109.02,115.21
101.90,108.97,115.15
101.85,108.92,115.09
101.79,108.88,115.04
101.79,108.87,115.04
101.77,108.85,115.02
101.74,108.81,114.96
101.69,108.76,114.94
101.65,108.74,114.89
101.63,108.71,114.87
101.63,108.72,114.87
101.64,108.70,114.89
101.61,108.69,114.87
101.58,108.66,114.85
101.57,108.67,114.83
101.60,108.70,114.87
101.63,108.72,114.92
101.65,108.72,114.92
101.62,108.71,114.90
101.64,108.72,114.92
101.65,108.75,114.97
101.70,108.80,115.02
101.73,108.84,115.07
101.73,108.84,115.09
101.76,108.87,115.13
101.79,108.91,115.16
101.84,108.96,115.21
101.89,108.99,115.27
101.91,109.03,115.29
101.89,109.00,115.30
101.92,109.04,115.31
101.97,109.11,115.36
102.00,109.11,115.36
102.00,109.09,115.36
101.94,109.04,115.33
101.94,109.03,115.31
101.91,109.03,115.27
101.92,109.01,115.25
101.90,109.00,115.23
101.84,108.91,115.17
101.79,108.89,115.15
101.75,108.86,115.10
101.76,108.85,115.09
101.75,108.84,115.08
101.72,108.82,115.08
101.71,108.79,115.05
101.67,108.77,115.05
101.67,108.78,115.03
101.72,108.81,115.05
101.71,108.79,115.04
101.67,108.75,115.02
101.64,108.74,115.02
101.63,108.73,114.98
101.63,108.72,114.96
101.63,108.71,114.96
101.62,108.69,114.94
101.57,108.66,114.92
101.56,108.65,114.89
101.53,108.62,114.86
101.54,108.62,114.84
101.53,108.60,114.85
101.49,108.57,114.82
101.47,108.54,114.80
101.44,108.53,114.74
101.45,108.52,114.75
101.44,108.51,114.75
101.43,108.49,114.74
101.39,108.45,114.72
101.39,108.47,114.71
101.38,108.46,114.70
101.39,108.46,114.70
101.40,108.47,114.73
101.40,108.47,114.75
101.41,108.49,114.78
101.42,108.51,114.78
101.47,108.55,114.83
101.50,108.60,114.90
101.56,108.64,114.95
101.57,108.68,115.01
101.62,108.74,115.05
101.67,108.79,115.11
101.72,108.83,115.14
101.75,108.85,115.19
101.74,108.85,115.21
101.75,108.87,115.20
101.75,108.85,115.15
101.74,108.83,115.13
101.71,108.82,115.14
101.70,108.79,115.12
101.66,108.76,115.09
101.63,108.73,115.03
101.62,108.71,115.01
101.61,108.70,115.01
101.61,108.69,115.01
101.57,108.66,114.98
101.56,108.64,114.96
101.53,108.63,114.91
101.52,108.61,114.90
101.51,108.58,114.89
101.47,108.54,114.86
101.44,108.52,114.83
101.42,108.47,114.73
101.37,108.44,114.70
101.34,108.40,114.69
101.32,108.38,114.68
101.30,108.37,114.65
101.27,108.32,114.62
101.24,108.32,114.59
101.24,108.32,114.60
101.27,108.34,114.62
101.26,108.34,114.65
101.27,108.34,114.64
101.28,108.35,114.64
101.31,108.38,114.68
101.32,108.41,114.72
101.36,108.44,114.77
101.37,108.46,114.80
101.39,108.49,114.81
101.42,108.53,114.84
101.47,108.56,114.88
101.50,108.60,114.96
101.52,108.63,114.98
101.55,108.66,115.01
101.59,108.69,115.01
101.61,108.72,115.05
101.64,108.75,115.09
101.68,108.77,115.14
101.68,108.80,115.16
101.69,108.80,115.14
101.71,108.81,115.14
101.71,108.81,115.15
101.71,108.81,115.17
101.70,108.80,115.16
101.69,108.77,115.13
101.66,108.76,115.07
101.65,108.76,115.09
101.65,108.73,115.10
101.66,108.74,115.09
101.62,108.70,115.05
101.61,108.69,115.03
101.58,108.66,115.00
101.58,108.66,115.00
101.57,108.66,115.01
101.55,108.63,114.98
101.53,108.62,114.96
101.51,108.57,114.90
101.50,108.59,114.93
101.51,108.59,114.93
101.49,108.57,114.92
101.48,108.55,114.89
101.44,108.52,114.85
101.43,108.52,114.86
101.44,108.53,114.88
101.45,108.54,114.90
101.44,108.51,114.88
101.42,108.50,114.85
101.40,108.48,114.83
101.41,108.50,114.85
101.41,108.50,114.87
101.41,108.49,114.85
101.39,108.47,114.81
101.37,108.44,114.77
101.34,108.43,114.77
101.35,108.42,114.78
101.36,108.43,114.79
101.33,108.39,114.75
101.30,108.37,114.72
101.28,108.34,114.68
101.28,108.36,114.69
101.28,108.36,114.71
101.28,108.33,114.67
101.25,108.32,114.66
101.23,108.30,114.63
101.23,108.31,114.63
101.24,108.30,114.65
101.26,108.32,114.67
101.23,108.31,114.65
101.22,108.30,114.63
101.21,108.28,114.61
101.21,108.30,114.63
101.23,108.31,114.65
101.23,108.30,114.64
101.21,108.28,114.63
101.20,108.26,114.60
101.19,108.27,114.60
101.20,108.28,114.63
101.22,108.28,114.64
101.20,108.28,114.61
101.20,108.26,114.61
101.19,108.26,114.60
101.20,108.28,114.61
101.19,108.29,114.64
101.21,108.25,114.62
101.19,108.25,114.59
101.16,108.22,114.56
101.17,108.24,114.58
101.18,108.25,114.60
101.21,108.26,114.60
101.18,108.23,114.56
101.15,108.21,114.55
101.13,108.21,114.53
101.14,108.21,114.54
101.16,108.23,114.57
101.15,108.20,114.54
101.12,108.19,114.54
101.12,108.17,114.50
101.11,108.18,114.50
101.11,108.18,114.53
101.13,108.19,114.55
101.12,108.18,114.52
101.12,108.16,114.51
101.11,108.19,114.53
101.15,108.22,114.57
101.19,108.26,114.63
101.20,108.25,114.62
101.20,108.27,114.65
101.22,108.30,114.67
101.27,108.35,114.72
101.30,108.39,114.79
101.36,108.43,114.84
101.37,108.45,114.86
101.39,108.48,114.88
101.42,108.52,114.92
101.48,108.56,114.97
101.50,108.60,115.02
101.51,108.59,115.01
101.50,108.60,115.00
101.50,108.58,114.95
101.48,108.58,114.98
101.49,108.59,114.98
101.49,108.56,114.95
101.44,108.52,114.92
101.39,108.49,114.88
101.39,108.48,114.85
101.39,108.47,114.84
101.39,108.46,114.86
101.35,108.43,114.81
101.34,108.41,114.79
101.31,108.38,114.74
101.31,108.38,114.75
101.29,108.37,114.75
101.28,108.33,114.69
101.22,108.29,114.65
101.19,108.24,114.59
101.15,108.21,114.56
101.14,108.20,114.54
101.11,108.17,114.53
101.09,108.13,114.47
101.03,108.09,114.45
101.02,108.08,114.42
101.04,108.11,114.46
101.06,108.13,114.50
101.09,108.14,114.52
101.09,108.17,114.54
101.11,108.20,114.56
101.16,108.26,114.62
101.23,108.32,114.71
101.31,108.39,114.79
101.34,108.43,114.84
101.38,108.47,114.89
101.41,108.51,114.92
101.47,108.58,114.98
101.51,108.61,115.03
101.53,108.61,115.00
101.49,108.58,114.99
101.48,108.56,114.93
101.45,108.54,114.91
101.45,108.53,114.90
101.43,108.48,114.87
101.36,108.43,114.79
101.32,108.39,114.77
101.29,108.37,114.73
101.29,108.37,114.73
101.29,108.37,114.76
101.28,108.34,114.72
101.24,108.31,114.69
101.22,108.29,114.66
101.21,108.30,114.65
101.21,108.29,114.64
101.20,108.25,114.60
101.17,108.22,114.55
101.14,108.19,114.52
101.11,108.17,114.48
101.10,108.16,114.47
101.10,108.15,114.48
101.09,108.14,114.46
101.05,108.11,114.45
101.06,108.12,114.42
101.08,108.15,114.47
101.12,108.19,114.52
101.15,108.22,114.56
101.17,108.24,114.58
101.18,108.27,114.63
101.23,108.33,114.69
101.29,108.40,114.76
101.35,108.45,114.84
101.38,108.48,114.87
101.40,108.50,114.89
101.42,108.53,114.91
101.46,108.56,114.93
101.47,108.58,114.96
101.49,108.56,114.94
101.44,108.52,114.92
101.42,108.50,114.88
101.39,108.49,114.85
101.40,108.48,114.84
101.40,108.47,114.85
101.36,108.43,114.80
101.32,108.40,114.77
101.30,108.39,114.73
101.30,108.39,114.74
101.30,108.38,114.73
101.29,108.32,114.68
101.22,108.28,114.63
101.18,108.23,114.56
101.13,108.20,114.52
101.11,108.18,114.49
101.10,108.14,114.47
101.04,108.09,114.41
101.00,108.05,114.39
100.99,108.05,114.38
101.01,108.08,114.41
101.04,108.12,114.48
101.09,108.16,114.51
101.11,108.19,114.57
101.17,108.26,114.62
101.22,108.34,114.72
101.32,108.43,114.82
101.40,108.49,114.90
101.44,108.54,114.94
101.45,108.54,114.94
101.46,108.56,114.93
101.48,108.57,114.95
101.49,108.56,114.94
101.45,108.50,114.87
101.38,108.44,114.81
101.32,108.38,114.74
101.30,108.38,114.73
101.29,108.37,114.70
101.28,108.34,114.71
101.24,108.32,114.69
101.24,108.31,114.66
101.20,108.29,114.63
101.21,108.28,114.63
101.21,108.27,114.63
101.19,108.24,114.58
101.13,108.19,114.53
101.10,108.15,114.47
101.07,108.13,114.45
101.08,108.14,114.45
101.06,108.11,114.44
101.02,108.08,114.40
101.01,108.05,114.37
100.99,108.07,114.38
101.03,108.10,114.42
101.07,108.13,114.47
101.10,108.16,114.51
101.12,108.19,114.55
101.15,108.23,114.58
101.21,108.31,114.69
101.27,108.39,114.78
101.36,108.44,114.84
101.38,108.46,114.87
101.39,108.48,114.88
101.38,108.49,114.89
101.42,108.52,114.92
101.43,108.51,114.91
101.40,108.47,114.83
101.33,108.41,114.80
101.31,108.40,114.76
101.30,108.39,114.76
101.30,108.37,114.76
101.29,108.36,114.74
101.25,108.31,114.68
101.20,108.25,114.60
101.15,108.21,114.55
101.11,108.18,114.52
101.10,108.15,114.49
101.03,108.08,114.42
100.98,108.03,114.38
100.96,108.02,114.34
100.97,108.02,114.37
101.00,108.06,114.41
101.03,108.09,114.45
101.05,108.12,114.50
101.09,108.17,114.55
101.16,108.26,114.64
101.26,108.35,114.75
101.34,108.44,114.85
101.39,108.49,114.89
101.41,108.49,114.91
101.41,108.51,114.88
101.43,108.50,114.88
101.41,108.49,114.86
101.37,108.42,114.79
101.30,108.35,114.72
101.23,108.30,114.66
101.20,108.28,114.63
101.20,108.27,114.64
101.20,108.27,114.64
101.17,108.22,114.58
101.12,108.18,114.54
101.08,108.14,114.46
101.06,108.12,114.45
101.02,108.08,114.42
101.01,108.05,114.38
100.97,108.02,114.36
100.96,108.02,114.35
100.98,108.07,114.41
101.06,108.13,114.51
101.13,108.20,114.60
101.18,108.25,114.65
101.20,108.29,114.71
101.27,108.35,114.77
101.32,108.42,114.84
101.37,108.47,114.89
101.40,108.46,114.89
101.38,108.46,114.87
101.36,108.43,114.82
101.34,108.43,114.83
101.34,108.43,114.81
101.34,108.42,114.81
101.31,108.38,114.77
101.27,108.34,114.73
101.25,108.33,114.72
101.27,108.35,114.74
101.28,108.34,114.74
101.25,108.32,114.71
101.22,108.28,114.68
101.21,108.29,114.66
101.21,108.30,114.67
101.22,108.30,114.69
101.23,108.29,114.69
101.20,108.28,114.66
101.19,108.25,114.63
101.17,108.25,114.60
101.18,108.24,114.61
101.17,108.25,114.64
101.16,108.21,114.59
101.11,108.18,114.56
101.12,108.17,114.51
101.10,108.17,114.51
101.08,108.14,114.50
101.08,108.13,114.49
101.05,108.10,114.45
101.01,108.07,114.42
100.99,108.05,114.39
101.00,108.05,114.39
100.99,108.04,114.39
100.96,108.00,114.36
100.93,107.98,114.33
100.91,107.95,114.28
100.90,107.96,114.30
100.91,107.97,114.32
100.92,107.96,114.32
100.90,107.96,114.32
100.91,107.96,114.31
100.91,107.98,114.33
100.95,108.02,114.37
100.98,108.06,114.44
101.01,108.07,114.47
101.05,108.12,114.50
101.07,108.15,114.52
101.14,108.23,114.61
101.19,108.29,114.69
101.26,108.34,114.75
101.27,108.36,114.77
101.30,108.39,114.79
101.33,108.42,114.81
101.37,108.45,114.86
101.38,108.47,114.88
101.37,108.45,114.86
101.36,108.42,114.81
101.29,108.38,114.76
101.30,108.37,114.74
101.29,108.35,114.75
101.26,108.31,114.70
101.21,108.27,114.65
101.18,108.23,114.59
101.14,108.22,114.59
101.16,108.23,114.60
101.16,108.23,114.62
101.14,108.20,114.59
101.12,108.19,114.56
101.10,108.17,114.53
101.12,108.19,114.55
101.11,108.17,114.56
101.11,108.16,114.53
101.08,108.14,114.50
101.06,108.11,114.46
101.02,108.08,114.43
101.02,108.08,114.43
101.02,108.08,114.44
101.00,108.05,114.41
100.97,108.02,114.36
100.92,107.98,114.32
100.94,107.99,114.32
100.93,107.98,114.34
100.92,107.98,114.33
100.90,107.96,114.33
100.91,107.95,114.28
100.91,107.95,114.30
100.92,107.96,114.30
100.92,107.97,114.34
100.92,107.98,114.36
100.93,107.98,114.35
100.94,108.01,114.36
100.98,108.04,114.40
101.00,108.07,114.47
101.05,108.11,114.51
101.06,108.13,114.54
101.09,108.17,114.55
101.14,108.21,114.59
101.18,108.26,114.66
101.22,108.29,114.71
101.23,108.31,114.73
101.25,108.33,114.74
101.26,108.35,114.75
101.29,108.37,114.78
101.30,108.39,114.81
101.30,108.38,114.81
101.30,108.39,114.81
101.30,108.37,114.77
101.30,108.37,114.76
101.30,108.36,114.77
101.30,108.36,114.79
101.28,108.34,114.75
101.25,108.32,114.71
101.23,108.30,114.70
101.24,108.31,114.70
101.23,108.30,114.71
101.20,108.27,114.68
101.20,108.26,114.66
101.18,108.24,114.62
101.19,108.24,114.62
101.18,108.24,114.63
101.18,108.23,114.63
101.15,108.22,114.63
101.15,108.21,114.58
101.11,108.18,114.56
101.14,108.20,114.58
101.13,108.19,114.60
101.12,108.17,114.57
101.10,108.14,114.53
101.06,108.11,114.47
101.06,108.11,114.47
101.05,108.09,114.46
101.01,108.06,114.45
100.99,108.02,114.41
100.96,108.01,114.36
100.93,107.98,114.33
100.93,107.97,114.30
100.91,107.95,114.33
100.89,107.93,114.31
100.87,107.90,114.27
100.84,107.89,114.23
100.84,107.88,114.23
100.84,107.89,114.27
100.85,107.87,114.24
100.84,107.88,114.26
100.83,107.88,114.24
100.84,107.90,114.26
100.86,107.92,114.29
100.90,107.95,114.34
100.91,107.95,114.35
100.93,108.00,114.40
100.95,108.02,114.40
100.99,108.07,114.45
101.04,108.11,114.52
101.08,108.13,114.57
101.09,108.18,114.62
101.13,108.20,114.63
101.18,108.26,114.66
101.20,108.29,114.72
101.26,108.32,114.77
101.26,108.34,114.79
101.29,108.36,114.80
101.28,108.37,114.78
101.31,108.37,114.79
101.31,108.39,114.81
101.31,108.36,114.79
101.28,108.35,114.77
101.26,108.31,114.72
101.25,108.30,114.70
101.23,108.28,114.69
101.21,108.27,114.68
101.18,108.23,114.64
101.16,108.21,114.62
101.13,108.19,114.58
101.12,108.17,114.57
101.11,108.17,114.58
101.10,108.15,114.56
101.08,108.14,114.54
101.07,108.14,114.52
101.08,108.13,114.52
101.09,108.13,114.53
101.09,108.13,114.54
101.06,108.12,114.53
101.05,108.11,114.51
101.05,108.11,114.49
101.05,108.11,114.49
101.06,108.11,114.52
101.04,108.09,114.49
101.02,108.08,114.49
101.01,108.06,114.45
101.02,108.08,114.45
101.01,108.06,114.45
101.01,108.04,114.45
100.97,108.01,114.43
100.96,108.00,114.40
100.95,108.00,114.37
100.94,107.98,114.35
100.94,107.97,114.36
100.92,107.94,114.33
100.88,107.92,114.29
100.86,107.90,114.24
100.86,107.90,114.24
100.85,107.89,114.26
100.86,107.88,114.25
100.82,107.85,114.24
100.81,107.85,114.22
100.82,107.86,114.22
100.84,107.89,114.25
100.86,107.90,114.29
100.86,107.91,114.30
100.88,107.94,114.36
100.92,107.97,114.38
100.97,108.03,114.42
101.02,108.08,114.50
101.07,108.11,114.56
101.08,108.14,114.60
101.12,108.19,114.63
101.15,108.24,114.68
101.20,108.29,114.72
101.23,108.29,114.74
101.21,108.29,114.75
101.22,108.29,114.73
101.21,108.29,114.73
101.23,108.30,114.72
101.23,108.29,114.73
101.21,108.26,114.70
101.19,108.24,114.68
101.16,108.22,114.64
101.15,108.22,114.63
101.16,108.21,114.61
101.13,108.19,114.62
101.10,108.16,114.59
101.09,108.14,114.58
101.08,108.14,114.56
101.10,108.15,114.55
101.10,108.14,114.56
101.09,108.12,114.55
101.04,108.10,114.54
101.04,108.10,114.51
101.04,108.09,114.49
101.04,108.08,114.48
101.01,108.05,114.47
100.98,108.01,114.44
100.96,108.00,114.40
100.93,107.98,114.37
100.94,107.98,114.35
100.93,107.97,114.37
100.91,107.92,114.32
100.86,107.89,114.28
100.83,107.86,114.25
100.83,107.87,114.25
100.82,107.86,114.23
100.83,107.83,114.23
100.79,107.81,114.20
100.77,107.80,114.21
100.76,107.81,114.18
100.79,107.81,114.19
100.81,107.82,114.22
100.79,107.82,114.23
100.80,107.83,114.24
100.80,107.85,114.25
100.86,107.91,114.31
100.90,107.96,114.37
100.95,107.98,114.42
100.96,108.01,114.46
100.99,108.06,114.50
101.04,108.12,114.56
101.11,108.18,114.61
101.15,108.22,114.67
101.18,108.23,114.68
101.19,108.26,114.71
101.20,108.26,114.70
101.22,108.30,114.74
101.25,108.30,114.74
101.25,108.29,114.75
101.20,108.26,114.71
101.19,108.23,114.68
101.17,108.23,114.67
101.18,108.23,114.67
101.18,108.21,114.65
101.12,108.17,114.61
101.10,108.14,114.59
101.07,108.13,114.57
101.10,108.15,114.56
101.09,108.13,114.55
101.08,108.11,114.55
101.04,108.07,114.52
101.02,108.07,114.50
101.00,108.07,114.49
101.02,108.07,114.49
101.03,108.09,114.52
101.02,108.05,114.49
101.00,108.04,114.47
100.98,108.03,114.45
100.99,108.05,114.47
101.02,108.05,114.47
101.01,108.04,114.45
100.98,108.03,114.46
100.99,108.04,114.45
100.98,108.03,114.44
100.99,108.05,114.46
101.01,108.04,114.46
100.99,108.02,114.44
100.97,108.00,114.42
100.94,107.98,114.40
100.96,108.01,114.40
100.96,108.01,114.42
100.96,107.98,114.40
100.92,107.95,114.38
100.91,107.93,114.35
100.90,107.94,114.35
100.91,107.95,114.34
100.91,107.93,114.34
100.87,107.89,114.29
100.83,107.86,114.26
100.81,107.84,114.23
100.82,107.85,114.23
100.81,107.85,114.24
100.81,107.82,114.22
100.79,107.81,114.19
100.76,107.78,114.16
100.77,107.79,114.17
100.79,107.81,114.20
100.80,107.81,114.21
100.79,107.80,114.19
100.76,107.79,114.18
100.77,107.80,114.18
100.79,107.82,114.21
100.81,107.84,114.26
100.83,107.86,114.27
100.84,107.88,114.29
100.85,107.89,114.29
100.89,107.94,114.34
100.93,107.98,114.39
100.98,108.03,114.48
101.01,108.04,114.50
101.03,108.08,114.52
101.03,108.10,114.54
101.09,108.15,114.61
101.13,108.19,114.66
101.15,108.20,114.68
101.16,108.21,114.67
101.14,108.21,114.66
101.17,108.23,114.68
101.16,108.22,114.69
101.19,108.23,114.70
101.16,108.20,114.67
101.13,108.19,114.64
101.12,108.17,114.61
101.11,108.16,114.59
101.10,108.14,114.62
101.09,108.13,114.57
101.06,108.10,114.53
101.04,108.08,114.50
101.03,108.07,114.50
101.03,108.07,114.52
101.04,108.07,114.50
101.01,108.04,114.47
100.99,108.01,114.42
100.94,107.97,114.38
100.92,107.95,114.35
100.90,107.92,114.34
100.86,107.87,114.28
100.82,107.83,114.20
100.76,107.77,114.15
100.75,107.77,114.13
100.73,107.75,114.17
100.75,107.77,114.18
100.74,107.78,114.19
100.76,107.80,114.21
100.80,107.85,114.28
100.88,107.94,114.38
100.98,108.03,114.51
101.05,108.11,114.59
101.10,108.17,114.66
101.17,108.23,114.67
101.21,108.25,114.69
101.20,108.24,114.67
101.16,108.18,114.63
101.10,108.12,114.55
101.03,108.05,114.46
100.98,108.01,114.42
100.98,108.01,114.43
100.97,108.01,114.43
100.94,107.97,114.39
100.90,107.91,114.32
100.83,107.85,114.23
100.80,107.81,114.19
100.77,107.78,114.18
100.76,107.76,114.17
100.72,107.76,114.19
100.77,107.80,114.20
100.82,107.86,114.30
100.89,107.94,114.39
100.99,108.03,114.52
101.05,108.10,114.60
101.10,108.16,114.66
101.13,108.18,114.64
101.14,108.17,114.64
101.12,108.16,114.63
101.07,108.10,114.58
101.04,108.07,114.54
101.02,108.04,114.48
101.00,108.03,114.45
100.97,107.99,114.42
100.94,107.95,114.38
100.87,107.88,114.32
100.83,107.83,114.24
100.75,107.76,114.15
100.73,107.73,114.11
100.70,107.71,114.14
100.70,107.70,114.15
100.69,107.73,114.18
100.74,107.77,114.21
100.80,107.85,114.30
100.89,107.93,114.40
100.98,108.02,114.52
101.02,108.09,114.60
101.10,108.16,114.66
101.14,108.19,114.68
101.19,108.22,114.68
101.17,108.20,114.68
101.13,108.15,114.62
101.07,108.09,114.56
101.02,108.04,114.48
101.00,108.02,114.45
100.97,107.98,114.44
100.97,107.98,114.43
100.92,107.95,114.40
100.90,107.94,114.38
100.89,107.91,114.34
100.89,107.90,114.30
100.85,107.85,114.28
100.80,107.80,114.23
100.75,107.76,114.20
100.74,107.75,114.13
100.73,107.74,114.13
100.73,107.75,114.15
100.73,107.73,114.18
100.75,107.78,114.22
100.79,107.81,114.26
100.82,107.87,114.32
100.92,107.96,114.40
101.00,108.03,114.50
101.02,108.06,114.56
101.06,108.11,114.61
101.08,108.15,114.62
101.14,108.19,114.66
101.14,108.18,114.64
101.12,108.14,114.62
101.08,108.10,114.57
101.04,108.07,114.54
101.02,108.06,114.51
101.03,108.05,114.48
101.01,108.03,114.49
100.97,107.99,114.45
100.94,107.97,114.43
100.92,107.94,114.37
100.91,107.91,114.35
100.89,107.88,114.31
100.84,107.82,114.25
100.77,107.76,114.21
100.73,107.73,114.15
100.72,107.73,114.13
100.70,107.71,114.11
100.70,107.70,114.12
100.68,107.68,114.11
100.68,107.69,114.12
100.68,107.71,114.14
100.74,107.78,114.20
100.80,107.82,114.27
100.84,107.87,114.32
100.88,107.91,114.39
100.92,107.97,114.42
100.97,108.03,114.51
101.06,108.11,114.58
101.12,108.17,114.63
101.12,108.16,114.65
101.13,108.17,114.66
101.14,108.18,114.64
101.15,108.20,114.66
101.16,108.18,114.65
101.14,108.15,114.60
101.09,108.10,114.57
101.04,108.05,114.50
101.00,108.04,114.49
101.01,108.03,114.47
101.01,108.02,114.46
100.95,107.96,114.42
100.92,107.96,114.41
100.94,107.98,114.40
100.97,108.00,114.41
100.97,107.99,114.41
100.95,107.98,114.40
100.92,107.95,114.38
100.92,107.94,114.35
100.92,107.94,114.36
100.92,107.95,114.36
100.93,107.94,114.36
100.90,107.91,114.33
100.87,107.88,114.29
100.83,107.87,114.27
100.85,107.86,114.27
100.84,107.86,114.28
100.83,107.83,114.24
100.79,107.79,114.20
100.76,107.77,114.16
100.75,107.77,114.17
100.76,107.77,114.16
100.75,107.76,114.16
100.74,107.74,114.13
100.72,107.73,114.12
100.71,107.71,114.12
100.73,107.73,114.12
100.72,107.74,114.16
100.74,107.73,114.12
100.71,107.71,114.12
100.69,107.69,114.08
100.72,107.72,114.10
100.72,107.73,114.14
100.74,107.73,114.14
100.71,107.71,114.12
100.70,107.70,114.11
100.70,107.71,114.09
100.71,107.72,114.13
100.73,107.74,114.17
100.73,107.73,114.15
100.73,107.73,114.12
100.71,107.71,114.10
100.73,107.73,114.13
100.72,107.74,114.16
100.75,107.74,114.17
100.73,107.74,114.18
100.74,107.74,114.14
100.73,107.74,114.14
100.76,107.77,114.18
100.77,107.78,114.20
100.76,107.78,114.19
100.78,107.78,114.21
100.78,107.80,114.20
100.80,107.81,114.22
100.82,107.83,114.27
100.84,107.84,114.29
100.84,107.87,114.32
100.86,107.88,114.31
100.88,107.91,114.34
100.92,107.93,114.38
100.93,107.97,114.43
100.94,107.97,114.45
100.97,108.00,114.48
100.99,108.03,114.48
101.03,108.07,114.53
101.06,108.08,114.57
101.07,108.09,114.59
101.07,108.10,114.61
101.10,108.12,114.60
101.08,108.13,114.58
101.10,108.13,114.60
101.11,108.13,114.62
101.08,108.10,114.60
101.06,108.09,114.57
101.04,108.07,114.53
101.04,108.06,114.51
101.04,108.06,114.54
101.02,108.04,114.52
100.99,108.03,114.50
100.99,108.01,114.45
100.98,108.00,114.44
100.97,107.99,114.43
100.97,107.99,114.44
100.94,107.96,114.43
100.94,107.96,114.41
100.92,107.94,114.36
100.91,107.93,114.35
100.90,107.90,114.35
100.87,107.87,114.32
100.83,107.84,114.29
100.82,107.81,114.25
100.80,107.81,114.21
100.78,107.77,114.19
100.74,107.73,114.17
100.69,107.69,114.12
100.67,107.66,114.09
100.64,107.65,114.06
100.65,107.65,114.05
100.64,107.63,114.07
100.62,107.63,114.06
100.63,107.63,114.08
100.63,107.65,114.08
100.67,107.69,114.13
100.72,107.74,114.17
100.75,107.76,114.23
100.77,107.80,114.27
100.82,107.86,114.34
100.89,107.93,114.40
100.97,108.00,114.47
101.03,108.06,114.55
101.07,108.09,114.58
101.08,108.11,114.61
101.10,108.13,114.61
101.11,108.15,114.62
101.14,108.15,114.60
101.11,108.11,114.59
101.06,108.07,114.53
101.01,108.02,114.48
100.98,108.00,114.44
100.97,107.98,114.40
100.94,107.95,114.40
100.89,107.90,114.36
100.87,107.88,114.35
100.86,107.88,114.33
100.88,107.89,114.33
100.87,107.88,114.33
100.85,107.86,114.30
100.82,107.82,114.27
100.79,107.79,114.22
100.75,107.77,114.19
100.76,107.76,114.18
100.75,107.74,114.16
100.69,107.68,114.11
100.66,107.66,114.10
100.64,107.65,114.07
100.66,107.66,114.08
100.68,107.67,114.08
100.66,107.64,114.07
100.64,107.63,114.07
100.63,107.64,114.07
100.67,107.68,114.12
100.72,107.72,114.16
100.76,107.76,114.21
100.77,107.77,114.24
100.80,107.81,114.28
100.80,107.84,114.30
100.87,107.90,114.37
100.91,107.95,114.44
100.97,107.99,114.46
100.97,107.99,114.48
100.98,108.01,114.50
101.00,108.04,114.53
101.04,108.08,114.57
101.06,108.10,114.59
101.05,108.07,114.57
101.03,108.06,114.57
101.02,108.05,114.53
101.03,108.06,114.56
101.03,108.06,114.57
101.04,108.05,114.54
101.01,108.02,114.52
100.96,107.99,114.47
100.97,108.00,114.48
100.97,107.99,114.48
100.98,107.99,114.48
100.95,107.97,114.45
100.93,107.93,114.42
100.91,107.93,114.40
100.92,107.94,114.41
100.92,107.95,114.44
100.92,107.92,114.41
100.90,107.91,114.40
100.88,107.88,114.35
100.88,107.91,114.37
100.89,107.91,114.39
100.91,107.91,114.40
100.89,107.89,114.37
100.86,107.86,114.35
100.85,107.86,114.34
100.85,107.87,114.36
100.88,107.91,114.39
100.87,107.88,114.37
100.86,107.86,114.35
100.83,107.83,114.30
100.84,107.86,114.32
100.85,107.86,114.33
100.86,107.86,114.34
100.83,107.84,114.32
100.83,107.82,114.28
100.81,107.82,114.27
100.81,107.82,114.28
100.82,107.82,114.30
100.81,107.81,114.28
100.79,107.79,114.25
100.76,107.76,114.20
100.76,107.76,114.21
100.76,107.76,114.22
100.76,107.75,114.23
100.73,107.72,114.19
100.72,107.70,114.15
100.69,107.69,114.13
100.70,107.69,114.13
100.69,107.67,114.14
100.65,107.65,114.10
100.64,107.62,114.08
100.62,107.60,114.03
100.61,107.60,114.03
100.61,107.59,114.04
100.60,107.58,114.04
100.57,107.56,114.02
100.57,107.55,113.99
100.56,107.55,113.99
100.57,107.55,113.99
100.56,107.56,114.03
100.56,107.54,114.01
100.56,107.56,114.02
100.56,107.55,113.99
100.59,107.57,114.02
100.60,107.59,114.04
100.60,107.59,114.06
100.60,107.59,114.08
100.62,107.61,114.07
100.63,107.65,114.09
100.67,107.66,114.13
100.70,107.69,114.15
100.68,107.68,114.17
100.70,107.70,114.20
100.70,107.72,114.20
100.75,107.76,114.22
100.77,107.77,114.26
100.78,107.78,114.27
100.78,107.80,114.30
100.80,107.83,114.31
100.83,107.85,114.34
100.86,107.88,114.36
100.89,107.89,114.40
100.89,107.89,114.41
100.89,107.90,114.42
100.88,107.94,114.44
100.96,107.97,114.48
100.99,108.00,114.51
100.98,107.98,114.51
100.97,108.00,114.53
100.99,108.00,114.52
101.01,108.04,114.54
101.02,108.05,114.54
101.04,108.04,114.57
101.01,108.03,114.57
101.01,108.03,114.56
101.01,108.04,114.55
101.04,108.05,114.55
101.04,108.05,114.58
101.04,108.02,114.54
101.00,107.99,114.52
100.97,107.99,114.50
100.99,108.00,114.50
100.99,108.00,114.48
100.97,107.96,114.47
100.93,107.94,114.45
100.91,107.91,114.42
100.90,107.91,114.40
100.91,107.89,114.39
100.88,107.88,114.38
100.85,107.83,114.34
100.81,107.83,114.32
100.80,107.80,114.28
100.80,107.82,114.30
100.82,107.82,114.31
100.83,107.82,114.31
100.78,107.78,114.28
100.77,107.77,114.26
100.76,107.78,114.25
100.78,107.77,114.24
100.76,107.75,114.24
100.73,107.71,114.19
100.69,107.67,114.16
100.66,107.64,114.12
100.64,107.65,114.11
100.64,107.63,114.08
100.63,107.59,114.06
100.58,107.54,114.01
100.55,107.53,113.99
100.54,107.53,113.99
100.57,107.56,114.02
100.60,107.58,114.06
100.60,107.58,114.06
100.61,107.61,114.11
100.64,107.65,114.14
100.71,107.73,114.24
100.79,107.80,114.32
100.83,107.84,114.38
100.87,107.89,114.43
100.90,107.93,114.46
100.93,107.96,114.49
100.98,107.99,114.52
100.98,107.99,114.53
100.96,107.96,114.47
100.92,107.91,114.42
100.89,107.89,114.38
100.87,107.88,114.39
100.87,107.88,114.39
100.86,107.85,114.35
100.83,107.81,114.30
100.78,107.76,114.26
100.77,107.76,114.23
100.74,107.73,114.21
100.72,107.70,114.18
100.66,107.63,114.12
100.62,107.58,114.05
100.55,107.53,113.98
100.54,107.52,113.98
100.54,107.50,113.98
100.53,107.50,113.98
100.52,107.50,113.98
100.52,107.50,113.97
100.53,107.54,114.01
100.61,107.60,114.09
100.66,107.66,114.18
100.69,107.71,114.25
100.76,107.77,114.29
100.80,107.83,114.34
100.88,107.90,114.41
100.93,107.95,114.49
100.96,107.97,114.53
100.97,107.99,114.53
100.98,107.98,114.48
100.96,107.97,114.47
100.96,107.95,114.46
100.94,107.92,114.43
100.88,107.88,114.39
100.84,107.83,114.34
100.81,107.80,114.28
100.78,107.78,114.26
100.78,107.77,114.28
100.76,107.75,114.26
100.74,107.74,114.25
100.74,107.73,114.21
100.72,107.72,114.20
100.72,107.69,114.18
100.68,107.67,114.16
100.64,107.62,114.11
100.62,107.59,114.06
100.57,107.56,114.01
100.57,107.54,113.98
100.55,107.52,113.99
100.53,107.50,113.97
100.53,107.50,113.99
100.53,107.53,114.00
100.59,107.59,114.05
100.65,107.65,114.15
100.72,107.72,114.25
100.76,107.77,114.33
100.83,107.86,114.40
100.89,107.91,114.44
100.93,107.95,114.46
100.94,107.94,114.48
100.93,107.91,114.43
100.88,107.87,114.39
100.83,107.83,114.33
100.83,107.82,114.33
100.82,107.81,114.30
100.78,107.75,114.25
100.72,107.69,114.20
100.67,107.64,114.12
100.62,107.60,114.06
100.59,107.55,114.01
100.56,107.51,113.99
100.51,107.46,113.95
100.48,107.46,113.94
100.49,107.47,113.96
100.55,107.55,114.04
100.61,107.62,114.12
100.68,107.67,114.20
100.72,107.72,114.28
100.78,107.80,114.33
100.84,107.88,114.41
100.94,107.95,114.47
100.97,107.97,114.51
100.95,107.95,114.49
100.94,107.94,114.47
100.92,107.91,114.43
100.91,107.91,114.41
100.89,107.87,114.38
100.85,107.82,114.33
100.79,107.76,114.27
100.74,107.73,114.21
100.73,107.73,114.23
100.74,107.73,114.24
100.76,107.74,114.25
100.72,107.69,114.20
100.69,107.67,114.17
100.65,107.64,114.13
100.66,107.64,114.13
100.64,107.62,114.11
100.62,107.57,114.05
100.54,107.52,114.01
100.53,107.50,113.96
100.51,107.49,113.96
100.52,107.49,113.97
100.54,107.49,113.98
100.53,107.49,113.97
100.52,107.49,113.98
100.53,107.50,113.99
100.56,107.55,114.03
100.61,107.61,114.12
100.66,107.65,114.19
100.70,107.68,114.22
100.73,107.72,114.26
100.78,107.79,114.33
100.83,107.84,114.39
100.88,107.89,114.47
100.90,107.88,114.48
100.92,107.91,114.47
100.88,107.89,114.44
100.91,107.91,114.45
100.91,107.89,114.48
100.89,107.88,114.42
100.85,107.83,114.39
100.83,107.81,114.33
100.80,107.78,114.32
100.80,107.78,114.32
100.79,107.76,114.34
100.76,107.74,114.32
100.75,107.73,114.28
100.72,107.71,114.25
100.74,107.71,114.25
100.73,107.70,114.25
100.70,107.67,114.22
100.68,107.65,114.18
100.64,107.62,114.12
100.64,107.61,114.11
100.62,107.59,114.10
100.62,107.57,114.09
100.57,107.53,114.06
100.54,107.51,114.03
100.53,107.51,114.00
100.54,107.50,113.99
100.53,107.49,114.01
100.51,107.47,113.98
100.48,107.45,113.97
100.48,107.45,113.95
100.50,107.47,113.96
100.50,107.45,113.96
100.49,107.44,113.96
100.47,107.43,113.94
100.44,107.41,113.92
100.44,107.42,113.92
100.46,107.43,113.92
100.48,107.42,113.93
100.44,107.40,113.92
100.42,107.40,113.90
100.44,107.40,113.90
100.47,107.44,113.92
100.46,107.43,113.92
100.47,107.43,113.93
100.45,107.40,113.91
100.44,107.41,113.90
100.43,107.42,113.92
100.48,107.44,113.92
100.50,107.46,113.97
100.49,107.45,113.95
100.47,107.44,113.96
100.48,107.46,113.95
100.51,107.49,114.00
100.54,107.52,114.03
100.56,107.53,114.05
100.55,107.52,114.06
100.55,107.53,114.04
100.58,107.57,114.07
100.62,107.59,114.11
100.64,107.62,114.16
100.64,107.62,114.16
100.65,107.62,114.17
100.66,107.64,114.17
100.69,107.67,114.21
100.71,107.71,114.25
100.74,107.73,114.28
100.75,107.73,114.28
100.74,107.73,114.27
100.77,107.76,114.30
100.80,107.79,114.33
100.82,107.82,114.37
100.82,107.81,114.39
100.83,107.82,114.39
100.82,107.83,114.37
100.86,107.86,114.41
100.89,107.88,114.46
100.91,107.89,114.46
100.90,107.89,114.44
100.90,107.89,114.44
100.91,107.90,114.47
100.92,107.92,114.49
100.95,107.93,114.51
100.93,107.91,114.50
100.92,107.91,114.48
100.91,107.91,114.45
100.93,107.92,114.48
100.92,107.92,114.51
100.94,107.91,114.50
100.93,107.91,114.49
100.92,107.90,114.44
100.90,107.89,114.44
100.93,107.90,114.48
100.93,107.90,114.48
100.91,107.90,114.47
100.90,107.87,114.46
100.89,107.88,114.41
100.90,107.88,114.45
100.92,107.90,114.48
100.90,107.87,114.46
100.89,107.87,114.45
100.88,107.86,114.40
100.89,107.88,114.42
100.88,107.86,114.42
100.88,107.86,114.43
100.86,107.84,114.44
100.85,107.84,114.42
100.85,107.84,114.38
100.86,107.84,114.40
100.85,107.84,114.43
100.85,107.82,114.40
100.83,107.80,114.39
100.81,107.80,114.35
100.84,107.81,114.33
100.83,107.80,114.36
100.83,107.79,114.36
100.79,107.77,114.34
100.77,107.75,114.30
100.77,107.76,114.30
100.79,107.76,114.28
100.77,107.74,114.30
100.75,107.71,114.27
100.72,107.69,114.25
100.71,107.69,114.23
100.71,107.69,114.23
100.73,107.69,114.24
100.72,107.68,114.22
100.68,107.65,114.20
100.67,107.65,114.18
100.66,107.65,114.19
100.69,107.66,114.20
100.69,107.67,114.21
100.69,107.66,114.19
100.67,107.65,114.16
100.66,107.65,114.16
100.68,107.66,114.18
100.70,107.66,114.18
100.69,107.65,114.18
100.67,107.64,114.18
100.65,107.62,114.15
100.64,107.64,114.15
100.67,107.65,114.17
100.69,107.66,114.18
100.65,107.61,114.16
100.65,107.62,114.16
100.63,107.62,114.14
100.66,107.64,114.17
100.67,107.65,114.18
100.66,107.63,114.16
100.63,107.60,114.15
100.63,107.60,114.13
100.62,107.60,114.14
100.65,107.62,114.16
100.65,107.62,114.16
100.64,107.60,114.14
100.61,107.58,114.12
100.59,107.57,114.09
100.62,107.59,114.12
100.63,107.61,114.15
100.64,107.59,114.12
100.61,107.56,114.11
100.59,107.56,114.09
100.59,107.57,114.08
100.60,107.57,114.12
100.62,107.57,114.11
100.59,107.55,114.08
100.56,107.53,114.06
100.53,107.52,114.03
100.56,107.52,114.04
100.55,107.52,114.05
100.55,107.50,114.02
100.50,107.46,113.98
100.48,107.43,113.94
100.48,107.44,113.95
100.48,107.45,113.97
100.49,107.44,113.96
100.46,107.40,113.93
100.45,107.40,113.91
100.43,107.38,113.87
100.44,107.38,113.88
100.44,107.38,113.90
100.42,107.37,113.88
100.42,107.37,113.88
100.40,107.35,113.83
100.40,107.35,113.86
100.42,107.37,113.88
100.44,107.37,113.90
100.42,107.38,113.91
100.42,107.37,113.90
100.43,107.39,113.90
100.46,107.42,113.93
100.48,107.44,113.99
100.48,107.45,114.03
100.52,107.48,114.07
100.55,107.53,114.07
100.59,107.58,114.10
100.63,107.61,114.17
100.67,107.64,114.23
100.69,107.67,114.26
100.71,107.70,114.29
100.75,107.74,114.32
100.79,107.77,114.35
100.81,107.78,114.39
100.79,107.77,114.37
100.79,107.77,114.37
100.79,107.77,114.34
100.80,107.77,114.34
100.79,107.76,114.33
100.76,107.72,114.29
100.73,107.69,114.27
100.69,107.67,114.23
100.68,107.67,114.21
100.69,107.66,114.20
100.68,107.64,114.21
100.65,107.61,114.18
100.62,107.58,114.16
100.60,107.56,114.11
100.60,107.57,114.11
100.59,107.55,114.09
100.56,107.50,114.04
100.49,107.46,114.00
100.51,107.45,113.94
100.47,107.44,113.94
100.47,107.42,113.90
100.45,107.41,113.90
100.42,107.37,113.86
100.40,107.35,113.84
100.37,107.32,113.81
100.39,107.34,113.84
100.42,107.37,113.87
100.43,107.38,113.87
100.43,107.40,113.89
100.44,107.41,113.91
100.48,107.46,113.96
100.52,107.51,114.03
100.58,107.56,114.09
100.61,107.58,114.11
100.62,107.61,114.15
100.66,107.65,114.18
100.72,107.71,114.23
100.76,107.75,114.33
100.79,107.78,114.34
100.83,107.81,114.35
100.83,107.80,114.34
100.83,107.83,114.37
100.87,107.85,114.39
100.87,107.85,114.40
100.85,107.82,114.37
100.84,107.79,114.32
100.78,107.76,114.28
100.78,107.74,114.25
100.75,107.72,114.25
100.73,107.69,114.20
100.68,107.64,114.17
100.66,107.63,114.11
100.66,107.61,114.10
100.64,107.60,114.11
100.64,107.60,114.13
100.64,107.59,114.12
100.62,107.58,114.07
100.59,107.55,114.05
100.60,107.56,114.05
100.59,107.55,114.06
100.56,107.50,114.01
100.51,107.47,113.97
100.49,107.43,113.90
100.47,107.42,113.89
100.46,107.40,113.88
100.44,107.37,113.86
100.39,107.34,113.83
100.39,107.35,113.83
100.40,107.36,113.82
100.43,107.39,113.86
100.47,107.42,113.94
100.49,107.46,113.98
100.52,107.51,114.05
100.59,107.56,114.11
100.67,107.65,114.17
100.73,107.71,114.26
100.78,107.77,114.32
100.82,107.80,114.34
100.83,107.80,114.34
100.82,107.81,114.32
100.83,107.79,114.29
100.81,107.77,114.28
100.77,107.73,114.23
100.75,107.71,114.20
100.72,107.69,114.17
100.71,107.69,114.16
100.71,107.67,114.16
100.71,107.65,114.15
100.67,107.63,114.13
100.65,107.60,114.09
100.64,107.60,114.08
100.65,107.61,114.05
100.63,107.57,114.05
100.58,107.52,114.00
100.56,107.51,113.99
100.53,107.49,113.96
100.55,107.49,113.95
100.55,107.50,113.96
100.53,107.47,113.94
100.50,107.44,113.92
100.47,107.43,113.90
100.47,107.43,113.91
100.49,107.44,113.90
100.50,107.45,113.91
100.47,107.40,113.88
100.47,107.40,113.88
100.45,107.40,113.86
100.47,107.43,113.89
100.48,107.44,113.91
100.48,107.41,113.90
100.48,107.41,113.89
100.46,107.41,113.87
100.46,107.41,113.87
100.47,107.43,113.88
100.48,107.43,113.90
100.48,107.42,113.88
100.46,107.40,113.86
100.44,107.40,113.85
100.46,107.42,113.88
100.47,107.43,113.90
100.47,107.41,113.89
100.47,107.41,113.88
100.46,107.40,113.86
100.46,107.42,113.88
100.47,107.42,113.89
100.48,107.43,113.92
100.47,107.42,113.91
100.47,107.43,113.90
100.46,107.42,113.88
100.49,107.44,113.90
100.50,107.45,113.94
100.50,107.45,113.95
100.50,107.44,113.93
100.50,107.46,113.92
100.52,107.47,113.94
100.52,107.48,113.95
100.54,107.48,113.97
100.52,107.47,113.97
100.53,107.49,113.97
100.53,107.50,113.96
100.57,107.51,113.97
100.56,107.50,113.99
100.56,107.51,113.99
100.54,107.50,114.00
100.55,107.51,113.97
100.56,107.53,113.99
100.57,107.54,114.01
100.57,107.52,114.01
100.56,107.51,114.01
100.56,107.51,113.99
100.55,107.52,113.99
100.59,107.55,114.00
100.58,107.54,114.01
100.56,107.51,113.99
100.53,107.50,113.98
100.54,107.50,113.96
100.55,107.51,113.97
100.56,107.50,113.97
100.55,107.48,113.95
100.50,107.44,113.92
100.46,107.42,113.88
100.46,107.42,113.88
100.47,107.43,113.87
100.48,107.43,113.88
100.46,107.39,113.84
100.40,107.35,113.81
100.38,107.33,113.77
100.39,107.34,113.79
100.39,107.33,113.78
100.38,107.32,113.77
100.36,107.30,113.75
100.35,107.29,113.71
100.34,107.29,113.72
100.37,107.31,113.75
100.39,107.32,113.77
100.36,107.31,113.76
100.36,107.29,113.74
100.33,107.28,113.71
100.36,107.30,113.73
100.37,107.32,113.76
100.38,107.32,113.77
100.37,107.32,113.77
100.37,107.31,113.73
100.36,107.31,113.75
100.37,107.32,113.76
100.39,107.33,113.79
100.37,107.33,113.79
100.38,107.33,113.78
100.37,107.32,113.74
100.38,107.33,113.76
100.40,107.35,113.80
100.41,107.35,113.82
100.40,107.36,113.81
100.39,107.35,113.79
100.40,107.36,113.80
100.41,107.38,113.81
100.43,107.37,113.83
100.41,107.36,113.83
100.41,107.36,113.82
100.42,107.37,113.82
100.45,107.39,113.82
100.45,107.39,113.85
100.45,107.39,113.86
100.45,107.41,113.88
100.45,107.40,113.85
100.46,107.44,113.87
100.49,107.45,113.89
100.50,107.46,113.92
100.50,107.45,113.92
100.51,107.47,113.94
100.52,107.50,113.94
100.56,107.53,113.99
100.58,107.55,114.02
100.58,107.55,114.02
100.59,107.56,114.04
100.61,107.57,114.05
100.64,107.62,114.09
100.67,107.64,114.12
100.71,107.67,114.15
100.69,107.66,114.16
100.72,107.69,114.17
100.72,107.72,114.19
100.77,107.76,114.24
100.81,107.79,114.29
100.81,107.78,114.28
100.80,107.78,114.28
100.81,107.78,114.26
100.82,107.82,114.31
100.86,107.84,114.33
100.87,107.83,114.32
100.85,107.81,114.31
100.84,107.80,114.30
100.81,107.80,114.28
100.83,107.81,114.27
100.84,107.80,114.29
100.81,107.77,114.25
100.77,107.73,114.22
100.75,107.71,114.17
100.74,107.71,114.19
100.75,107.72,114.19
100.73,107.69,114.16
100.69,107.65,114.12
100.66,107.62,114.09
100.64,107.62,114.07
100.64,107.62,114.10
100.66,107.63,114.10
100.66,107.60,114.07
100.63,107.58,114.06
100.60,107.57,114.02
100.61,107.58,114.04
100.63,107.58,114.06
100.64,107.59,114.07
100.61,107.57,114.04
100.58,107.55,114.01
100.58,107.56,114.02
100.60,107.56,114.04
100.61,107.59,114.06
100.60,107.57,114.04
100.59,107.55,114.02
100.58,107.54,114.00
100.59,107.56,114.01
100.60,107.56,114.04
100.59,107.56,114.04
100.58,107.56,114.04
100.59,107.55,114.01
100.58,107.54,114.01
100.59,107.56,114.03
100.61,107.57,114.06
100.59,107.56,114.04
100.57,107.54,114.02
100.56,107.53,114.00
100.59,107.55,114.02
100.60,107.55,114.02
100.59,107.54,114.03
100.57,107.53,114.02
100.56,107.53,113.99
100.57,107.54,113.99
100.57,107.54,114.00
100.58,107.54,114.02
100.56,107.53,114.01
100.56,107.52,114.01
100.56,107.54,113.98
100.58,107.55,114.01
100.59,107.55,114.04
100.59,107.54,114.03
100.58,107.56,114.03
100.58,107.54,114.00
100.58,107.57,114.01
100.59,107.55,114.01
100.60,107.56,114.04
100.58,107.54,114.03
100.58,107.55,114.03
100.57,107.56,114.01
100.60,107.57,114.02
100.60,107.56,114.05
100.59,107.55,114.03
100.58,107.54,114.03
100.58,107.54,114.00
100.59,107.56,114.02
100.60,107.56,114.02
100.60,107.55,114.03
100.58,107.54,114.04
100.57,107.55,114.03
100.57,107.54,114.01
100.60,107.57,114.02
100.59,107.56,114.04
100.58,107.54,114.02
100.56,107.53,114.03
100.58,107.54,114.00
100.58,107.55,114.02
100.59,107.56,114.03
100.58,107.54,114.03
100.56,107.53,114.02
100.56,107.52,114.00
100.57,107.54,114.00
100.59,107.56,114.02
100.60,107.56,114.03
100.58,107.54,114.01
100.57,107.53,114.01
100.56,107.53,114.00
100.58,107.55,114.00
100.59,107.56,114.01
100.59,107.53,114.00
100.56,107.51,113.99
100.53,107.50,113.96
100.52,107.49,113.96
100.54,107.50,113.96
100.54,107.50,113.97
100.53,107.46,113.93
100.49,107.44,113.90
100.46,107.41,113.87
100.46,107.42,113.88
100.46,107.41,113.87
100.46,107.39,113.84
100.41,107.35,113.81
100.37,107.32,113.77
100.36,107.32,113.75
100.37,107.32,113.76
100.38,107.32,113.78
100.37,107.30,113.75
100.36,107.29,113.74
100.35,107.29,113.73
100.37,107.33,113.77
100.41,107.36,113.84
100.45,107.40,113.87
100.46,107.42,113.91
100.48,107.45,113.92
100.54,107.50,113.99
100.59,107.57,114.06
100.64,107.61,114.13
100.66,107.65,114.18
100.71,107.69,114.22
100.73,107.72,114.22
100.76,107.73,114.25
100.77,107.75,114.29
100.78,107.75,114.27
100.76,107.74,114.24
100.74,107.70,114.18
100.72,107.69,114.18
100.71,107.68,114.17
100.70,107.65,114.16
100.65,107.63,114.13
100.65,107.61,114.10
100.63,107.60,114.06
100.63,107.58,114.05
100.61,107.57,114.05
100.60,107.54,114.02
100.56,107.51,114.00
100.54,107.48,113.93
100.52,107.47,113.91
100.49,107.44,113.89
100.47,107.41,113.89
100.43,107.37,113.83
100.39,107.34,113.80
100.36,107.32,113.76
100.36,107.32,113.77
100.37,107.29,113.76
100.33,107.28,113.73
100.32,107.26,113.72
100.31,107.25,113.70
100.32,107.27,113.70
100.33,107.28,113.71
100.33,107.26,113.70
100.31,107.25,113.71
100.30,107.25,113.70
100.30,107.27,113.70
100.34,107.28,113.71
100.35,107.30,113.74
100.34,107.28,113.74
100.34,107.28,113.76
100.34,107.29,113.74
100.35,107.32,113.77
100.38,107.34,113.78
100.40,107.33,113.79
100.37,107.32,113.78
100.36,107.33,113.79
100.38,107.34,113.80
100.41,107.37,113.82
100.44,107.39,113.87
100.44,107.39,113.85
100.43,107.38,113.84
100.43,107.38,113.83
100.45,107.41,113.86
100.47,107.43,113.90
100.48,107.44,113.92
100.48,107.44,113.91
100.49,107.44,113.91
100.50,107.47,113.93
100.52,107.48,113.94
100.54,107.50,113.99
100.53,107.50,113.99
100.55,107.50,113.99
100.54,107.51,113.97
100.57,107.54,114.02
100.59,107.56,114.06
100.61,107.57,114.08
100.61,107.58,114.10
100.63,107.58,114.08
100.63,107.60,114.08
100.65,107.61,114.11
100.66,107.63,114.15
100.66,107.63,114.15
100.67,107.65,114.17
100.68,107.66,114.14
100.69,107.66,114.16
100.72,107.69,114.21
100.73,107.69,114.23
100.73,107.70,114.22
100.74,107.72,114.22
100.74,107.72,114.22
100.76,107.73,114.23
100.77,107.74,114.26
100.76,107.72,114.26
100.75,107.73,114.25
100.75,107.73,114.22
100.77,107.74,114.23
100.77,107.74,114.25
100.75,107.72,114.23
100.74,107.71,114.23
100.74,107.70,114.20
100.75,107.71,114.19
100.73,107.70,114.19
100.73,107.68,114.19
100.70,107.66,114.18
100.69,107.66,114.16
100.67,107.64,114.13
100.69,107.66,114.13
100.68,107.64,114.13
100.66,107.62,114.12
100.64,107.61,114.11
100.65,107.60,114.10
100.66,107.61,114.10
100.66,107.62,114.10
100.66,107.60,114.10
100.62,107.59,114.09
100.63,107.60,114.09
100.63,107.62,114.10
100.66,107.63,114.10
100.66,107.63,114.13
100.66,107.63,114.14
100.67,107.63,114.14
100.68,107.65,114.14
100.70,107.68,114.16
100.74,107.70,114.20
100.75,107.70,114.22
100.74,107.70,114.22
100.75,107.71,114.22
100.74,107.74,114.25
100.78,107.76,114.24
100.79,107.76,114.26
100.76,107.71,114.22
100.72,107.69,114.19
100.69,107.66,114.13
100.66,107.64,114.12
100.66,107.61,114.08
100.60,107.55,114.03
100.54,107.48,113.96
100.47,107.44,113.90
100.44,107.40,113.86
100.43,107.38,113.85
100.43,107.36,113.81
100.37,107.29,113.75
100.32,107.25,113.71
100.28,107.24,113.68
100.30,107.24,113.68
100.30,107.25,113.71
100.31,107.24,113.69
100.28,107.22,113.68
100.27,107.22,113.68
100.28,107.24,113.69
100.31,107.26,113.72
100.35,107.29,113.77
100.34,107.28,113.76
100.34,107.28,113.76
100.35,107.30,113.75
100.37,107.33,113.79
100.39,107.33,113.81
100.41,107.35,113.84
100.41,107.36,113.84
100.43,107.38,113.85
100.44,107.40,113.87
100.46,107.42,113.89
100.48,107.44,113.93
100.47,107.43,113.94
100.49,107.44,113.94
100.49,107.46,113.92
100.51,107.47,113.95
100.54,107.50,114.00
100.56,107.50,114.01
100.55,107.52,114.03
100.56,107.52,114.01
100.57,107.53,114.02
100.58,107.55,114.04
100.60,107.56,114.06
100.60,107.56,114.08
100.61,107.59,114.10
100.63,107.61,114.10
100.65,107.63,114.13
100.67,107.65,114.17
100.70,107.66,114.19
100.69,107.66,114.21
100.69,107.68,114.19
100.72,107.69,114.19
100.72,107.69,114.20
100.73,107.68,114.19
100.67,107.64,114.16
100.64,107.62,114.12
100.62,107.59,114.07
100.61,107.56,114.03
100.57,107.52,114.00
100.54,107.48,113.95
100.49,107.43,113.92
100.47,107.42,113.87
100.45,107.40,113.85
100.45,107.39,113.83
100.43,107.36,113.81
100.38,107.32,113.79
100.36,107.30,113.76
100.35,107.31,113.74
100.37,107.30,113.74
100.37,107.31,113.75
100.35,107.28,113.73
100.33,107.27,113.72
100.32,107.26,113.69
100.34,107.29,113.72
100.36,107.29,113.73
100.37,107.29,113.73
100.34,107.27,113.71
100.34,107.27,113.70
100.32,107.27,113.71
100.34,107.29,113.73
100.36,107.31,113.76
100.35,107.29,113.73
100.32,107.26,113.72
100.31,107.25,113.69
100.32,107.27,113.71
100.34,107.28,113.72
100.34,107.28,113.72
100.33,107.26,113.70
100.31,107.25,113.67
100.30,107.25,113.67
100.31,107.25,113.68
100.32,107.25,113.71
100.31,107.25,113.70
100.30,107.24,113.67
100.28,107.22,113.64
100.29,107.22,113.66
100.29,107.23,113.69
100.31,107.24,113.70
100.29,107.24,113.71
100.31,107.25,113.69
100.32,107.27,113.71
100.35,107.29,113.73
100.36,107.31,113.77
100.37,107.30,113.78
100.37,107.32,113.81
100.39,107.34,113.80
100.41,107.37,113.83
100.44,107.39,113.87
100.46,107.41,113.88
100.46,107.42,113.90
100.46,107.44,113.91
100.50,107.47,113.92
100.52,107.47,113.95
100.53,107.49,113.98
100.51,107.47,113.97
100.51,107.47,113.97
100.51,107.49,113.96
100.55,107.50,113.96
100.55,107.50,113.99
100.56,107.50,114.00
100.54,107.51,114.03
100.57,107.55,114.04
100.60,107.59,114.08
100.66,107.62,114.12
100.69,107.66,114.18
100.70,107.66,114.19
100.71,107.68,114.21
100.73,107.71,114.21
100.75,107.73,114.24
100.78,107.73,114.25
100.76,107.70,114.21
100.70,107.68,114.18
100.67,107.63,114.12
100.66,107.61,114.09
100.62,107.57,114.04
100.59,107.52,113.98
100.49,107.44,113.92
100.44,107.39,113.86
100.40,107.35,113.80
100.39,107.34,113.78
100.38,107.32,113.77
100.35,107.27,113.72
100.29,107.23,113.68
100.27,107.20,113.63
100.26,107.21,113.65
100.27,107.22,113.66
100.28,107.20,113.65
100.25,107.19,113.63
100.23,107.17,113.62
100.23,107.18,113.60
100.25,107.19,113.62
100.26,107.20,113.65
100.26,107.19,113.64
100.25,107.18,113.61
100.23,107.16,113.59
100.25,107.19,113.62
100.26,107.19,113.64
100.27,107.21,113.64
100.26,107.19,113.65
100.26,107.20,113.63
100.25,107.20,113.63
100.27,107.23,113.66
100.31,107.25,113.70
100.31,107.26,113.72
100.33,107.28,113.75
100.36,107.31,113.74
100.39,107.36,113.80
100.45,107.41,113.88
100.49,107.45,113.94
100.51,107.48,113.97
100.54,107.52,114.01
100.59,107.58,114.05
100.64,107.61,114.09
100.68,107.66,114.16
100.69,107.66,114.17
100.71,107.69,114.19
100.72,107.69,114.18
100.74,107.70,114.16
100.72,107.68,114.17
100.71,107.66,114.15
100.66,107.63,114.12
100.65,107.60,114.07
100.61,107.57,114.02
100.59,107.55,113.98
100.58,107.51,113.98
100.53,107.48,113.95
100.50,107.46,113.94
100.48,107.44,113.90
100.51,107.47,113.92
100.51,107.45,113.92
100.49,107.44,113.91
100.47,107.43,113.91
100.46,107.42,113.89
100.45,107.42,113.88
100.46,107.42,113.88
100.47,107.41,113.87
100.43,107.37,113.84
100.39,107.34,113.81
100.37,107.32,113.78
100.38,107.33,113.77
100.38,107.32,113.78
100.37,107.29,113.73
100.31,107.25,113.71
100.30,107.25,113.67
100.30,107.25,113.68
100.31,107.26,113.68
100.32,107.25,113.71
100.30,107.23,113.67
100.27,107.21,113.65
100.26,107.21,113.63
100.27,107.22,113.64
100.29,107.23,113.67
100.29,107.22,113.67
100.28,107.20,113.65
100.26,107.19,113.62
100.27,107.20,113.63
100.26,107.21,113.66
100.28,107.22,113.66
100.26,107.20,113.65
100.27,107.20,113.61
100.25,107.19,113.61
100.27,107.20,113.62
100.27,107.21,113.65
100.26,107.19,113.64
100.28,107.22,113.64
100.29,107.20,113.60
100.28,107.22,113.62
100.28,107.22,113.62
100.28,107.22,113.64
100.27,107.20,113.63
100.27,107.21,113.62
100.27,107.21,113.60
100.28,107.23,113.63
100.28,107.22,113.64
100.28,107.20,113.64
100.26,107.21,113.64
100.26,107.21,113.63
100.28,107.22,113.64
100.28,107.23,113.65
100.28,107.21,113.64
100.27,107.21,113.64
100.27,107.20,113.63
100.26,107.22,113.63
100.30,107.23,113.65
100.31,107.25,113.68
100.29,107.20,113.64
100.27,107.21,113.65
100.27,107.20,113.63
100.29,107.23,113.65
100.30,107.24,113.66
100.31,107.23,113.65
100.27,107.19,113.63
100.26,107.20,113.62
100.25,107.20,113.62
100.27,107.22,113.63
100.29,107.23,113.66
100.28,107.22,113.64
100.27,107.20,113.62
100.25,107.19,113.60
100.26,107.21,113.63
100.28,107.22,113.66
100.29,107.23,113.65
100.27,107.21,113.63
100.26,107.19,113.61
100.26,107.20,113.62
100.28,107.23,113.63
100.29,107.22,113.67
100.29,107.23,113.65
100.28,107.22,113.64
100.26,107.20,113.61
100.27,107.21,113.63
100.28,107.22,113.65
100.29,107.22,113.67
100.28,107.22,113.66
100.28,107.21,113.62
100.28,107.23,113.62
100.28,107.22,113.64
100.30,107.23,113.66
100.28,107.22,113.67
100.27,107.22,113.67
100.28,107.23,113.66
100.30,107.24,113.65
100.30,107.24,113.68
100.29,107.23,113.68
100.29,107.23,113.68
100.28,107.24,113.66
100.30,107.25,113.66
100.32,107.26,113.67
100.32,107.26,113.69
100.30,107.23,113.66
100.27,107.22,113.65
100.27,107.23,113.64
100.30,107.25,113.65
100.30,107.25,113.66
100.28,107.22,113.65
100.26,107.21,113.65
100.28,107.22,113.64
100.27,107.22,113.64
100.28,107.24,113.65
100.29,107.23,113.65
100.27,107.21,113.63
100.27,107.20,113.60
100.25,107.19,113.60
100.27,107.21,113.62
100.26,107.22,113.64
100.27,107.20,113.61
100.23,107.17,113.60
100.22,107.16,113.56
100.23,107.18,113.59
100.25,107.19,113.61
100.27,107.19,113.63
100.25,107.17,113.60
100.24,107.17,113.60
100.23,107.16,113.58
100.24,107.18,113.59
100.25,107.19,113.63
100.25,107.19,113.61
100.23,107.17,113.59
100.23,107.17,113.55
100.23,107.17,113.57
100.25,107.19,113.59
100.26,107.19,113.60
100.25,107.18,113.61
100.24,107.17,113.58
100.23,107.18,113.57
100.24,107.17,113.58
100.24,107.19,113.61
100.24,107.17,113.61
100.24,107.19,113.61
100.23,107.17,113.58
100.24,107.18,113.60
100.26,107.20,113.62
100.27,107.19,113.63
100.25,107.18,113.62
100.24,107.19,113.60
100.24,107.19,113.62
100.27,107.21,113.62
100.28,107.20,113.64
100.27,107.19,113.63
100.25,107.19,113.63
100.26,107.20,113.63
100.27,107.22,113.65
100.30,107.23,113.67
100.29,107.23,113.68
100.28,107.24,113.68
100.28,107.23,113.66
100.30,107.26,113.70
100.34,107.28,113.73
100.36,107.31,113.76
100.36,107.30,113.75
100.36,107.31,113.76
100.35,107.31,113.75
100.39,107.36,113.81
100.43,107.38,113.84
100.43,107.38,113.84
100.42,107.37,113.82
100.42,107.37,113.81
100.42,107.38,113.82
100.45,107.41,113.85
100.46,107.42,113.88
100.46,107.41,113.87
100.44,107.39,113.84
100.43,107.39,113.83
100.45,107.41,113.84
100.46,107.42,113.88
100.46,107.41,113.87
100.45,107.41,113.85
100.45,107.41,113.83
100.46,107.41,113.85
100.46,107.43,113.86
100.48,107.43,113.88
100.47,107.42,113.88
100.46,107.44,113.87
100.46,107.43,113.86
100.47,107.43,113.87
100.48,107.45,113.87
100.47,107.43,113.89
100.45,107.42,113.88
100.46,107.41,113.84
100.46,107.42,113.85
100.46,107.42,113.86
100.47,107.42,113.87
100.46,107.41,113.87
100.45,107.40,113.85
100.43,107.41,113.83
100.45,107.41,113.84
100.46,107.40,113.86
100.44,107.38,113.84
100.42,107.38,113.84
100.42,107.38,113.81
100.42,107.38,113.79
100.41,107.36,113.78
100.40,107.35,113.78
100.36,107.30,113.73
100.33,107.28,113.71
100.30,107.25,113.66
100.30,107.24,113.65
100.30,107.23,113.64
100.27,107.18,113.59
100.23,107.16,113.58
100.20,107.15,113.55
100.22,107.15,113.56
100.24,107.17,113.58
100.25,107.17,113.60
100.24,107.18,113.62
100.25,107.22,113.64
100.28,107.26,113.70
100.36,107.34,113.79
100.44,107.40,113.88
100.47,107.44,113.91
100.50,107.47,113.96
100.53,107.52,113.99
100.59,107.57,114.04
100.64,107.61,114.09
100.65,107.60,114.09
100.62,107.59,114.06
100.59,107.56,114.03
100.57,107.55,114.00
100.56,107.54,113.99
100.56,107.54,113.99
100.54,107.49,113.96
100.52,107.47,113.91
100.47,107.44,113.87
100.48,107.45,113.87
100.49,107.45,113.89
100.48,107.42,113.87
100.46,107.40,113.84
100.43,107.38,113.79
100.40,107.36,113.78
100.39,107.35,113.76
100.38,107.34,113.77
100.37,107.30,113.74
100.34,107.29,113.70
100.31,107.26,113.64
100.30,107.25,113.64
100.29,107.24,113.64
100.28,107.22,113.65
100.26,107.20,113.62
100.25,107.18,113.58
100.23,107.19,113.56
100.22,107.18,113.57
100.23,107.16,113.57
100.20,107.14,113.56
100.19,107.15,113.55
100.18,107.13,113.52
100.19,107.13,113.52
100.19,107.13,113.53
100.18,107.12,113.53
100.16,107.12,113.54
100.16,107.12,113.51
100.19,107.14,113.54
100.21,107.16,113.54
100.22,107.16,113.57
100.20,107.16,113.58
100.20,107.17,113.59
100.22,107.21,113.61
100.27,107.25,113.66
100.32,107.28,113.71
100.32,107.28,113.73
100.34,107.32,113.78
100.38,107.37,113.81
100.44,107.44,113.89
100.52,107.52,113.97
100.60,107.58,114.03
100.61,107.59,114.05
100.62,107.61,114.07
100.64,107.63,114.09
100.67,107.66,114.10
100.68,107.65,114.12
100.66,107.61,114.06
100.60,107.57,114.01
100.58,107.52,113.94
100.54,107.51,113.94
100.53,107.49,113.90
100.50,107.46,113.89
100.46,107.41,113.84
100.43,107.39,113.82
100.42,107.40,113.81
100.43,107.40,113.82
100.43,107.40,113.84
100.42,107.38,113.80
100.38,107.35,113.77
100.35,107.30,113.70
100.35,107.31,113.70
100.34,107.29,113.71
100.32,107.28,113.67
100.27,107.22,113.64
100.26,107.20,113.60
100.23,107.19,113.56
100.23,107.18,113.55
100.23,107.18,113.57
100.21,107.16,113.56
100.19,107.15,113.56
100.20,107.15,113.52
100.21,107.16,113.53
100.22,107.16,113.55
100.22,107.16,113.57
100.20,107.16,113.58
100.22,107.17,113.57
100.24,107.20,113.57
100.25,107.22,113.61
100.28,107.24,113.66
100.28,107.24,113.68
100.29,107.26,113.69
100.31,107.30,113.71
100.35,107.33,113.73
100.39,107.35,113.79
100.42,107.38,113.83
100.43,107.40,113.86
100.45,107.43,113.88
100.47,107.47,113.91
100.52,107.50,113.94
100.55,107.53,113.99
100.54,107.53,113.99
100.54,107.54,114.01
100.57,107.55,114.01
100.61,107.60,114.04
100.63,107.61,114.06
100.62,107.59,114.05
100.59,107.58,114.04
100.59,107.57,114.02
100.59,107.59,114.03
100.61,107.59,114.03
100.61,107.59,114.03
100.57,107.56,114.01
100.56,107.54,113.99
100.53,107.52,113.96
100.54,107.54,113.96
100.55,107.54,113.98
100.54,107.50,113.93
100.51,107.48,113.91
100.50,107.48,113.89
100.50,107.48,113.91
100.51,107.50,113.91
100.52,107.49,113.92
100.50,107.47,113.89
100.46,107.44,113.86
100.45,107.44,113.84
100.47,107.45,113.87
100.47,107.46,113.89
100.48,107.44,113.88
100.45,107.43,113.85
100.44,107.41,113.81
100.44,107.42,113.83
100.45,107.42,113.85
100.45,107.42,113.84
100.43,107.39,113.82
100.40,107.37,113.77
100.37,107.34,113.76
100.39,107.35,113.75
100.38,107.34,113.76
100.36,107.31,113.72
100.33,107.29,113.70
100.31,107.26,113.64
100.29,107.24,113.62
100.27,107.21,113.60
100.26,107.19,113.58
100.20,107.16,113.55
100.18,107.14,113.52
100.16,107.13,113.48
100.16,107.12,113.48
100.17,107.10,113.50
100.15,107.10,113.48
100.14,107.10,113.50
100.14,107.12,113.50
100.18,107.15,113.54
100.22,107.19,113.59
100.25,107.21,113.64
100.27,107.24,113.67
100.30,107.28,113.71
100.33,107.33,113.76
100.40,107.40,113.82
100.46,107.46,113.90
100.46,107.46,113.90
100.50,107.49,113.94
100.52,107.52,113.96
100.56,107.57,114.01
100.60,107.59,114.05
100.62,107.60,114.06
100.61,107.59,114.06
100.62,107.60,114.05
100.62,107.62,114.06
100.65,107.64,114.08
100.65,107.64,114.09
100.64,107.62,114.08
100.62,107.60,114.05
100.61,107.59,114.03
100.62,107.60,114.05
100.63,107.63,114.07
100.64,107.61,114.05
100.60,107.58,114.04
100.58,107.57,114.01
100.58,107.59,114.02
100.60,107.58,114.02
100.61,107.58,114.03
100.59,107.56,114.00
100.56,107.54,113.97
100.55,107.52,113.95
100.56,107.54,113.96
100.55,107.54,113.98
100.55,107.52,113.96
100.53,107.50,113.92
100.50,107.47,113.88
100.48,107.46,113.88
100.49,107.47,113.86
100.49,107.45,113.88
100.45,107.43,113.85
100.45,107.41,113.82
100.42,107.41,113.80
100.43,107.41,113.80
100.43,107.41,113.83
100.43,107.39,113.80
100.41,107.38,113.82
100.40,107.37,113.76
100.40,107.38,113.78
100.41,107.38,113.78
100.41,107.38,113.80
100.38,107.36,113.79
100.38,107.36,113.78
100.36,107.35,113.75
100.38,107.36,113.75
100.37,107.34,113.76
100.37,107.34,113.74
100.34,107.31,113.73
100.33,107.31,113.70
100.34,107.31,113.71
100.34,107.30,113.69
100.32,107.27,113.69
100.28,107.25,113.66
100.26,107.22,113.63
100.24,107.23,113.61
100.27,107.21,113.59
100.26,107.22,113.60
100.22,107.16,113.56
100.20,107.14,113.54
100.17,107.13,113.50
100.18,107.15,113.53
100.20,107.15,113.53
100.19,107.15,113.52
100.16,107.12,113.51
100.17,107.14,113.53
100.19,107.16,113.54
100.24,107.20,113.60
100.28,107.26,113.69
100.33,107.30,113.73
100.35,107.33,113.79
100.40,107.38,113.84
100.46,107.46,113.92
100.52,107.52,113.99
100.56,107.56,114.03
100.57,107.56,114.02
100.56,107.54,113.99
100.55,107.54,113.99
100.55,107.53,113.98
100.54,107.52,113.97
100.51,107.49,113.93
100.47,107.46,113.89
100.45,107.41,113.83
100.45,107.41,113.84
100.45,107.41,113.85
100.45,107.40,113.84
100.40,107.36,113.80
100.37,107.34,113.75
100.35,107.32,113.71
100.34,107.30,113.70
100.32,107.27,113.69
100.28,107.22,113.66
100.25,107.21,113.62
100.22,107.18,113.56
100.21,107.16,113.54
100.19,107.14,113.54
100.17,107.10,113.51
100.14,107.09,113.50
100.13,107.08,113.46
100.12,107.09,113.46
100.14,107.09,113.47
100.15,107.10,113.50
100.14,107.09,113.49
100.13,107.09,113.49
100.13,107.10,113.49
100.16,107.13,113.52
100.18,107.15,113.54
100.19,107.13,113.54
100.17,107.13,113.54
100.16,107.14,113.54
100.18,107.17,113.55
100.21,107.18,113.57
100.23,107.19,113.59
100.21,107.17,113.57
100.21,107.17,113.57
100.20,107.18,113.58
100.24,107.21,113.59
100.24,107.22,113.61
100.25,107.20,113.60
100.21,107.17,113.59
100.20,107.16,113.56
100.21,107.18,113.59
100.23,107.20,113.59
100.25,107.20,113.61
100.22,107.19,113.58
100.20,107.17,113.58
100.19,107.16,113.55
100.20,107.16,113.56
100.21,107.18,113.59
100.20,107.15,113.59
100.19,107.15,113.55
100.18,107.14,113.53
100.18,107.15,113.54
100.20,107.16,113.55
100.21,107.16,113.58
100.20,107.15,113.57
100.19,107.15,113.55
100.19,107.16,113.55
100.21,107.16,113.55
100.21,107.17,113.59
100.20,107.16,113.59
100.21,107.17,113.59
100.21,107.17,113.55
100.21,107.18,113.57
100.23,107.19,113.59
100.24,107.20,113.61
100.23,107.21,113.62
100.27,107.24,113.63
100.26,107.25,113.62
100.30,107.27,113.65
100.31,107.28,113.68
100.31,107.28,113.68
100.31,107.29,113.69
100.34,107.31,113.70
100.36,107.35,113.73
100.39,107.37,113.78
100.42,107.38,113.80
100.41,107.40,113.83
100.44,107.41,113.84
100.44,107.46,113.87
100.49,107.48,113.89
100.53,107.51,113.94
100.52,107.49,113.93
100.53,107.50,113.95
100.52,107.53,113.95
100.56,107.57,113.99
100.58,107.58,114.02
100.61,107.60,114.01
100.60,107.58,114.03
100.61,107.60,114.03
100.62,107.60,114.04
100.63,107.63,114.06
100.64,107.63,114.08
100.65,107.62,114.06
100.62,107.60,114.04
100.61,107.60,114.01
100.62,107.61,114.05
100.64,107.63,114.06
100.64,107.62,114.05
100.62,107.60,114.03
100.60,107.59,114.01
100.59,107.61,114.02
100.63,107.61,114.02
100.64,107.62,114.06
100.63,107.60,114.03
100.62,107.60,114.02
100.59,107.57,113.98
100.61,107.59,113.99
100.62,107.60,114.03
100.63,107.60,114.02
100.59,107.57,114.00
100.57,107.57,113.96
100.57,107.58,113.97
100.60,107.58,113.98
100.60,107.58,114.00
100.58,107.56,113.98
100.56,107.54,113.93
100.54,107.52,113.91
100.54,107.52,113.91
100.54,107.52,113.93
100.51,107.50,113.91
100.51,107.49,113.91
100.49,107.48,113.84
100.48,107.46,113.84
100.48,107.47,113.86
100.49,107.47,113.87
100.46,107.44,113.86
100.45,107.44,113.84
100.43,107.43,113.80
100.45,107.43,113.82
100.45,107.43,113.84
100.44,107.41,113.81
100.42,107.41,113.81
100.42,107.41,113.79
100.44,107.41,113.79
100.44,107.41,113.80
100.45,107.41,113.81
100.42,107.39,113.80
100.41,107.38,113.79
100.40,107.40,113.78
100.43,107.41,113.79
100.44,107.41,113.81
100.42,107.38,113.78
100.40,107.38,113.77
100.39,107.38,113.76
100.41,107.41,113.78
100.43,107.41,113.78
100.43,107.41,113.78
100.39,107.37,113.77
100.39,107.38,113.77
100.39,107.38,113.76
100.42,107.41,113.79
100.44,107.41,113.80
100.42,107.40,113.78
100.40,107.38,113.77
100.39,107.38,113.75
100.40,107.39,113.77
100.42,107.42,113.79
100.43,107.40,113.79
100.41,107.40,113.78
100.39,107.37,113.76
100.40,107.39,113.76
100.42,107.40,113.78
100.44,107.41,113.80
100.43,107.40,113.79
100.42,107.40,113.79
100.41,107.38,113.76
100.44,107.42,113.79
100.45,107.43,113.81
100.45,107.44,113.82
100.45,107.44,113.83
100.45,107.44,113.81
100.44,107.44,113.82
100.49,107.48,113.86
100.51,107.49,113.89
100.50,107.48,113.90
100.51,107.49,113.89
100.52,107.51,113.88
100.54,107.52,113.89
100.55,107.54,113.93
100.56,107.54,113.95
100.56,107.56,113.96
100.57,107.55,113.94
100.58,107.57,113.96
100.59,107.57,113.97
100.61,107.59,114.00
100.58,107.57,113.99
100.58,107.57,113.99
100.59,107.58,113.97
100.61,107.60,113.98
100.61,107.60,114.01
100.61,107.60,114.00
100.60,107.58,114.00
100.59,107.59,113.98
100.60,107.59,113.99
100.60,107.60,113.99
100.60,107.58,114.00
100.58,107.58,113.99
100.59,107.56,113.98
100.57,107.57,113.96
100.60,107.58,113.97
100.60,107.58,113.97
100.57,107.55,113.94
100.53,107.53,113.93
100.54,107.53,113.91
100.54,107.54,113.92
100.55,107.53,113.92
100.55,107.52,113.91
100.50,107.48,113.88
100.49,107.48,113.86
100.45,107.46,113.83
100.46,107.47,113.84
100.48,107.46,113.86
100.47,107.45,113.83
100.43,107.41,113.79
100.41,107.40,113.77
100.42,107.41,113.79
100.43,107.41,113.80
100.44,107.40,113.79
100.40,107.38,113.77
100.38,107.36,113.74
100.37,107.37,113.73
100.39,107.38,113.76
100.41,107.39,113.78
100.40,107.38,113.76
100.39,107.38,113.75
100.36,107.35,113.72
100.37,107.37,113.74
100.38,107.38,113.75
100.39,107.38,113.76
100.36,107.34,113.74
100.36,107.35,113.71
100.34,107.34,113.70
100.36,107.36,113.72
100.36,107.35,113.74
100.36,107.34,113.73
100.34,107.34,113.74
100.35,107.34,113.69
100.36,107.35,113.71
100.37,107.35,113.73
100.37,107.34,113.74
100.35,107.35,113.74
100.35,107.34,113.73
100.36,107.35,113.72
100.38,107.36,113.73
100.38,107.37,113.76
100.37,107.35,113.75
100.35,107.35,113.75
100.35,107.34,113.74
100.38,107.38,113.75
100.39,107.38,113.77
100.39,107.36,113.77
100.37,107.35,113.76
100.38,107.37,113.76
100.39,107.39,113.77
100.41,107.41,113.78
100.43,107.42,113.81
100.43,107.41,113.82
100.43,107.42,113.82
100.43,107.44,113.83
100.48,107.47,113.87
100.51,107.49,113.90
100.52,107.50,113.91
100.51,107.49,113.91
100.51,107.50,113.92
100.54,107.54,113.94
100.57,107.57,113.97
100.59,107.58,114.01
100.58,107.57,114.00
100.58,107.58,114.00
100.57,107.58,113.99
100.61,107.60,114.01
100.63,107.63,114.05
100.63,107.61,114.04
100.61,107.60,114.02
100.58,107.57,113.98
100.58,107.59,113.99
100.61,107.60,114.02
100.63,107.61,114.04
100.61,107.60,114.00
100.58,107.57,114.00
100.58,107.58,113.98
100.59,107.59,114.00
100.59,107.60,114.03
100.60,107.59,114.01
100.60,107.60,114.00
100.58,107.57,113.97
100.59,107.60,113.99
100.60,107.60,114.00
100.60,107.61,114.03
100.60,107.59,114.01
100.59,107.59,113.99
100.57,107.57,113.97
100.60,107.60,113.99
100.61,107.60,114.02
100.61,107.60,114.02
100.60,107.59,114.01
100.60,107.59,113.97
100.59,107.58,113.98
100.58,107.59,113.99
100.60,107.58,113.99
100.59,107.58,114.00
100.57,107.56,113.97
100.56,107.56,113.95
100.56,107.56,113.96
100.57,107.57,113.98
100.56,107.54,113.95
100.53,107.53,113.93
100.54,107.51,113.90
100.54,107.52,113.90
100.52,107.50,113.89
100.50,107.48,113.89
100.46,107.46,113.86
100.46,107.45,113.84
100.44,107.44,113.82
100.45,107.44,113.81
100.45,107.42,113.82
100.42,107.40,113.78
100.39,107.38,113.78
100.38,107.38,113.74
100.39,107.37,113.75
100.40,107.38,113.76
100.38,107.35,113.74
100.36,107.35,113.73
100.35,107.34,113.72
100.35,107.35,113.72
100.38,107.36,113.73
100.39,107.37,113.73
100.35,107.32,113.71
100.32,107.32,113.70
100.31,107.30,113.68
100.32,107.32,113.70
100.34,107.32,113.72
100.35,107.32,113.68
100.31,107.28,113.66
100.30,107.28,113.64
100.29,107.28,113.64
100.31,107.29,113.65
100.31,107.29,113.67
100.29,107.26,113.63
100.26,107.24,113.61
100.25,107.23,113.59
100.25,107.25,113.60
100.26,107.25,113.63
100.26,107.24,113.61
100.25,107.23,113.58
100.24,107.21,113.55
100.23,107.20,113.54
100.23,107.21,113.55
100.25,107.22,113.60
100.24,107.21,113.58
100.23,107.20,113.56
100.21,107.19,113.54
100.24,107.22,113.56
100.24,107.22,113.58
100.25,107.22,113.59
100.23,107.21,113.58
100.23,107.21,113.55
100.24,107.22,113.56
100.25,107.23,113.57
100.26,107.24,113.60
100.25,107.23,113.60
100.25,107.24,113.60
100.25,107.25,113.60
100.28,107.26,113.61
100.30,107.28,113.63
100.28,107.25,113.63
100.28,107.26,113.64
100.28,107.28,113.64
100.31,107.30,113.66
100.33,107.31,113.66
100.33,107.31,113.68
100.32,107.31,113.68
100.32,107.31,113.69
100.31,107.33,113.69
100.34,107.34,113.71
100.35,107.35,113.73
100.34,107.33,113.72
100.35,107.34,113.72
100.35,107.34,113.71
100.36,107.37,113.74
100.39,107.37,113.75
100.40,107.37,113.76
100.37,107.35,113.74
100.36,107.35,113.74
100.36,107.37,113.75
100.39,107.40,113.77
100.43,107.41,113.82
100.43,107.41,113.80
100.42,107.41,113.81
100.43,107.42,113.82
100.45,107.46,113.86
100.49,107.50,113.90
100.53,107.51,113.92
100.53,107.52,113.93
100.53,107.52,113.92
100.53,107.53,113.94
100.57,107.57,113.98
100.58,107.59,114.02
100.59,107.59,114.01
100.59,107.58,114.00
100.59,107.58,113.98
100.60,107.60,113.99
100.61,107.60,114.02
100.60,107.60,114.01
100.57,107.58,114.00
100.57,107.57,113.96
100.54,107.55,113.94
100.55,107.56,113.94
100.53,107.55,113.95
100.53,107.53,113.92
100.51,107.50,113.89
100.47,107.47,113.84
100.48,107.48,113.84
100.47,107.46,113.85
100.46,107.44,113.83
100.44,107.42,113.82
100.43,107.41,113.79
100.42,107.41,113.78
100.42,107.41,113.77
100.43,107.41,113.79
100.42,107.40,113.79
100.40,107.40,113.78
100.39,107.39,113.75
100.42,107.40,113.76
100.41,107.40,113.76
100.41,107.39,113.77
100.39,107.38,113.76
100.38,107.37,113.74
100.40,107.40,113.76
100.41,107.40,113.75
100.41,107.39,113.76
100.38,107.37,113.75
100.38,107.38,113.74
100.36,107.37,113.72
100.38,107.38,113.73
100.38,107.38,113.73
100.37,107.35,113.73
100.33,107.32,113.71
100.33,107.31,113.67
100.33,107.31,113.69
100.35,107.34,113.70
100.35,107.33,113.70
100.33,107.30,113.66
100.30,107.28,113.65
100.28,107.28,113.63
100.29,107.28,113.64
100.30,107.28,113.65
100.29,107.27,113.62
100.27,107.24,113.59
100.24,107.21,113.55
100.23,107.22,113.56
100.24,107.22,113.56
100.25,107.22,113.56
100.21,107.18,113.53
100.17,107.16,113.48
100.14,107.13,113.46
100.15,107.13,113.46
100.15,107.12,113.48
100.14,107.10,113.45
100.12,107.09,113.44
100.12,107.09,113.39
100.11,107.07,113.39
100.11,107.08,113.42
100.11,107.08,113.43
100.09,107.07,113.42
100.10,107.06,113.40
100.10,107.07,113.39
100.12,107.09,113.42
100.14,107.10,113.43
100.12,107.08,113.43
100.13,107.10,113.46
100.14,107.12,113.44
100.17,107.14,113.47
100.19,107.16,113.49
100.19,107.16,113.50
100.17,107.15,113.51
100.18,107.16,113.51
100.21,107.21,113.54
100.24,107.24,113.58
100.27,107.26,113.62
100.28,107.25,113.61
100.28,107.26,113.62
100.27,107.27,113.60
100.31,107.31,113.66
100.33,107.32,113.67
100.35,107.32,113.68
100.33,107.31,113.68
100.33,107.31,113.67
100.32,107.34,113.69
100.35,107.36,113.71
100.37,107.37,113.74
100.35,107.34,113.72
100.34,107.33,113.71
100.35,107.32,113.68
100.36,107.35,113.72
100.36,107.37,113.75
100.39,107.37,113.75
100.37,107.36,113.74
100.36,107.35,113.72
100.37,107.37,113.74
100.39,107.39,113.76
100.41,107.40,113.78
100.40,107.39,113.78
100.39,107.39,113.76
100.39,107.38,113.73
100.40,107.39,113.75
100.41,107.41,113.78
100.41,107.40,113.78
100.41,107.41,113.79
100.42,107.41,113.77
100.41,107.42,113.79
100.43,107.44,113.81
100.44,107.44,113.83
100.44,107.44,113.84
100.44,107.44,113.84
100.43,107.46,113.82
100.48,107.47,113.85
100.49,107.48,113.87
100.48,107.47,113.88
100.47,107.47,113.88
100.48,107.48,113.86
100.49,107.50,113.86
100.51,107.51,113.88
100.51,107.50,113.90
100.49,107.49,113.89
100.49,107.48,113.90
100.49,107.50,113.89
100.52,107.52,113.89
100.53,107.53,113.92
100.52,107.51,113.91
100.49,107.50,113.91
100.50,107.50,113.90
100.52,107.53,113.91
100.52,107.53,113.92
100.52,107.53,113.92
100.52,107.51,113.92
100.51,107.50,113.89
100.50,107.52,113.90
100.51,107.53,113.92
100.54,107.54,113.94
100.53,107.54,113.92
100.51,107.50,113.89
100.49,107.50,113.87
100.51,107.51,113.91
100.53,107.54,113.93
100.53,107.53,113.93
100.52,107.52,113.91
100.50,107.50,113.90
100.50,107.51,113.89
100.52,107.52,113.90
100.53,107.54,113.92
100.53,107.51,113.91
100.51,107.51,113.88
100.49,107.48,113.84
100.49,107.50,113.87
100.50,107.50,113.89
100.52,107.51,113.90
100.49,107.50,113.88
100.49,107.48,113.85
100.47,107.48,113.84
100.50,107.49,113.85
100.49,107.49,113.87
100.47,107.48,113.86
100.46,107.47,113.85
100.46,107.47,113.81
100.44,107.45,113.81
100.45,107.46,113.83
100.45,107.45,113.84
100.44,107.44,113.81
100.42,107.41,113.80
100.42,107.44,113.78
100.44,107.42,113.79
100.44,107.43,113.80
100.41,107.41,113.78
100.40,107.40,113.78
100.39,107.40,113.76
100.43,107.42,113.76
100.41,107.41,113.77
100.40,107.39,113.75
100.37,107.37,113.76
100.37,107.37,113.73
100.38,107.38,113.74
100.40,107.39,113.74
100.40,107.37,113.74
100.37,107.35,113.72
100.34,107.34,113.71
100.33,107.34,113.69
100.35,107.36,113.70
100.37,107.36,113.71
100.36,107.33,113.69
100.33,107.32,113.66
100.31,107.31,113.65
100.31,107.31,113.65
100.32,107.32,113.65
100.33,107.31,113.65
100.29,107.27,113.63
100.27,107.26,113.60
100.25,107.25,113.58
100.27,107.26,113.58
100.27,107.26,113.62
100.28,107.25,113.58
100.24,107.22,113.57
100.23,107.20,113.53
100.22,107.21,113.54
100.23,107.20,113.55
100.24,107.21,113.55
100.21,107.18,113.51
100.18,107.16,113.48
100.16,107.13,113.45
100.16,107.15,113.46
100.16,107.13,113.48
100.15,107.13,113.47
100.14,107.11,113.43
100.12,107.10,113.40
100.12,107.10,113.40
100.12,107.09,113.42
100.13,107.07,113.41
100.09,107.07,113.41
100.09,107.06,113.37
100.06,107.04,113.35
100.07,107.04,113.34
100.07,107.04,113.36
100.06,107.02,113.35
100.04,107.02,113.35
100.05,107.02,113.32
100.05,107.04,113.31
100.06,107.03,113.33
100.07,107.03,113.36
100.05,107.03,113.34
100.04,107.03,113.35
100.06,107.05,113.36
100.09,107.08,113.38
100.12,107.09,113.42
100.12,107.09,113.41
100.12,107.10,113.44
100.13,107.13,113.46
100.18,107.18,113.51
100.21,107.21,113.55
100.25,107.24,113.59
100.25,107.25,113.61
100.27,107.28,113.63
100.30,107.31,113.67
100.36,107.38,113.72
100.41,107.41,113.78
100.42,107.43,113.80
100.42,107.44,113.82
100.44,107.46,113.81
100.47,107.50,113.87
100.52,107.55,113.91
100.53,107.54,113.90
100.53,107.53,113.89
100.50,107.51,113.85
100.49,107.50,113.85
100.50,107.51,113.86
100.51,107.52,113.88
100.49,107.48,113.85
100.47,107.45,113.80
100.43,107.42,113.75
100.43,107.42,113.76
100.43,107.41,113.77
100.40,107.38,113.74
100.37,107.36,113.70
100.35,107.33,113.64
100.33,107.32,113.63
100.33,107.32,113.63
100.31,107.31,113.66
100.29,107.28,113.64
100.28,107.27,113.62
100.26,107.26,113.59
100.28,107.27,113.60
100.28,107.27,113.62
100.27,107.25,113.61
100.25,107.24,113.61
100.24,107.23,113.57
100.25,107.25,113.57
100.25,107.25,113.59
100.25,107.23,113.59
100.23,107.22,113.57
100.22,107.20,113.56
100.21,107.20,113.54
100.22,107.20,113.52
100.21,107.20,113.55
100.19,107.17,113.51
100.17,107.15,113.50
100.15,107.14,113.48
100.16,107.16,113.48
100.17,107.16,113.48
100.17,107.15,113.49
100.15,107.11,113.45
100.13,107.11,113.44
100.11,107.10,113.43
100.13,107.12,113.45
100.15,107.12,113.45
100.11,107.09,113.42
100.09,107.06,113.39
100.08,107.04,113.37
100.08,107.04,113.36
100.06,107.06,113.38
100.08,107.05,113.37
100.06,107.01,113.34
100.04,107.01,113.32
100.02,107.00,113.31
100.04,107.01,113.32
100.05,107.03,113.36
100.04,107.03,113.36
100.05,107.03,113.37
100.06,107.04,113.35
100.08,107.07,113.39
100.12,107.10,113.44
100.14,107.14,113.49
100.15,107.16,113.51
100.19,107.20,113.56
100.23,107.25,113.61
100.31,107.31,113.67
100.34,107.34,113.73
100.36,107.37,113.77
100.39,107.40,113.79
100.40,107.43,113.81
100.44,107.46,113.82
100.45,107.47,113.85
100.45,107.46,113.84
100.43,107.42,113.81
100.41,107.41,113.79
100.39,107.40,113.77
100.40,107.39,113.74
100.38,107.38,113.75
100.35,107.34,113.72
100.32,107.33,113.70
100.31,107.31,113.66
100.30,107.33,113.68
100.32,107.33,113.68
100.32,107.31,113.68
100.30,107.28,113.65
100.28,107.28,113.62
100.28,107.28,113.62
100.28,107.28,113.62
100.29,107.28,113.62
100.24,107.23,113.58
100.23,107.22,113.55
100.19,107.19,113.51
100.20,107.19,113.51
100.19,107.19,113.51
100.19,107.17,113.50
100.15,107.13,113.47
100.13,107.10,113.42
100.10,107.10,113.42
100.11,107.09,113.42
100.11,107.10,113.44
100.09,107.06,113.40
100.08,107.06,113.39
100.06,107.05,113.37
100.06,107.05,113.37
100.07,107.06,113.39
100.06,107.04,113.39
100.05,107.04,113.39
100.04,107.03,113.35
100.05,107.04,113.36
100.06,107.04,113.37
100.06,107.04,113.38
100.03,107.03,113.38
100.03,107.03,113.37
100.03,107.02,113.35
100.06,107.05,113.37
100.06,107.04,113.39
100.05,107.04,113.39
100.04,107.04,113.39
100.05,107.05,113.38
100.06,107.06,113.39
100.09,107.07,113.39
100.09,107.06,113.40
100.06,107.05,113.39
100.05,107.05,113.38
100.05,107.05,113.38
100.08,107.07,113.39
100.09,107.07,113.41
100.08,107.06,113.40
100.05,107.03,113.37
100.04,107.04,113.36
100.06,107.05,113.37
100.07,107.06,113.38
100.07,107.05,113.38
100.04,107.03,113.36
100.02,107.00,113.33
100.01,107.01,113.33
100.02,107.02,113.33
100.02,107.02,113.35
100.01,106.99,113.32
100.00,106.99,113.31
100.00,106.99,113.29
100.01,107.00,113.30
100.02,107.00,113.31
100.02,107.01,113.34
100.01,107.00,113.32
100.01,107.00,113.32
100.01,107.02,113.32
100.03,107.04,113.35
100.06,107.04,113.37
100.04,107.03,113.36
100.04,107.05,113.38
100.05,107.05,113.37
100.08,107.08,113.38
100.08,107.08,113.39
100.09,107.07,113.40
100.07,107.08,113.41
100.07,107.08,113.40
100.09,107.10,113.42
100.12,107.12,113.44
100.13,107.13,113.46
100.12,107.11,113.45
100.11,107.11,113.44
100.11,107.13,113.45
100.14,107.16,113.50
100.18,107.18,113.52
100.19,107.19,113.53
100.18,107.19,113.54
100.18,107.19,113.54
100.19,107.23,113.56
100.22,107.24,113.59
100.26,107.29,113.65
100.26,107.27,113.64
100.27,107.28,113.64
100.27,107.29,113.63
100.30,107.33,113.68
100.33,107.36,113.74
100.37,107.39,113.75
100.37,107.40,113.76
100.39,107.41,113.75
100.39,107.43,113.79
100.44,107.47,113.82
100.46,107.49,113.87
100.46,107.49,113.89
100.47,107.50,113.88
100.49,107.52,113.87
100.50,107.52,113.88
100.50,107.53,113.90
100.50,107.52,113.91
100.50,107.52,113.89
100.49,107.50,113.85
100.48,107.50,113.84
100.49,107.50,113.87
100.49,107.50,113.86
100.45,107.47,113.82
100.42,107.44,113.81
100.41,107.43,113.78
100.41,107.44,113.78
100.41,107.42,113.77
100.39,107.39,113.76
100.36,107.37,113.74
100.35,107.36,113.69
100.33,107.35,113.68
100.33,107.35,113.67
100.33,107.33,113.68
100.31,107.31,113.65
100.29,107.31,113.64
100.28,107.31,113.64
100.31,107.32,113.65
100.32,107.32,113.65
100.28,107.29,113.63
100.27,107.28,113.63
100.26,107.28,113.61
100.27,107.30,113.62
100.29,107.31,113.63
100.29,107.30,113.62
100.24,107.25,113.60
100.24,107.25,113.57
100.22,107.24,113.56
100.23,107.25,113.57
100.23,107.24,113.59
100.23,107.22,113.53
100.18,107.18,113.50
100.16,107.16,113.47
100.14,107.16,113.46
100.15,107.14,113.45
100.13,107.12,113.44
100.10,107.09,113.39
100.06,107.06,113.37
100.05,107.06,113.35
100.07,107.07,113.35
100.07,107.07,113.38
100.07,107.07,113.37
100.06,107.06,113.37
100.06,107.06,113.34
100.09,107.09,113.38
100.12,107.14,113.44
100.17,107.16,113.48
100.17,107.20,113.53
100.21,107.22,113.56
100.25,107.30,113.61
100.31,107.34,113.67
100.36,107.38,113.74
100.38,107.41,113.78
100.40,107.46,113.82
100.44,107.49,113.82
100.48,107.51,113.84
100.50,107.52,113.86
100.48,107.49,113.85
100.45,107.48,113.83
100.43,107.46,113.80
100.41,107.46,113.78
100.41,107.44,113.75
100.41,107.43,113.75
100.36,107.37,113.71
100.33,107.35,113.70
100.32,107.34,113.68
100.33,107.36,113.68
100.33,107.35,113.66
100.31,107.31,113.65
100.27,107.28,113.62
100.26,107.26,113.59
100.25,107.27,113.58
100.25,107.26,113.57
100.25,107.25,113.58
100.22,107.21,113.53
100.17,107.18,113.49
100.15,107.16,113.47
100.17,107.17,113.48
100.17,107.18,113.48
100.14,107.14,113.46
100.14,107.13,113.42
100.09,107.09,113.37
100.09,107.09,113.37
100.08,107.09,113.38
100.09,107.09,113.39
100.07,107.07,113.39
100.07,107.06,113.35
100.03,107.05,113.33
100.05,107.05,113.32
100.05,107.05,113.36
100.05,107.04,113.35
100.02,107.03,113.33
100.04,107.03,113.29
100.03,107.04,113.32
100.05,107.05,113.33
100.07,107.06,113.36
100.04,107.05,113.36
100.07,107.09,113.39
100.10,107.12,113.39
100.13,107.15,113.41
100.14,107.15,113.45
100.14,107.15,113.45
100.15,107.17,113.47
100.17,107.19,113.48
100.21,107.26,113.55
100.26,107.29,113.60
100.30,107.31,113.63
100.31,107.33,113.65
100.32,107.37,113.68
100.35,107.40,113.72
100.41,107.46,113.77
100.46,107.50,113.83
100.48,107.50,113.84
100.48,107.52,113.87
100.50,107.53,113.85
100.51,107.57,113.89
100.55,107.60,113.92
100.57,107.60,113.94
100.55,107.59,113.91
100.53,107.57,113.90
100.52,107.56,113.89
100.53,107.58,113.89
100.55,107.59,113.91
100.53,107.56,113.89
100.50,107.54,113.86
100.47,107.50,113.81
100.47,107.51,113.80
100.46,107.49,113.81
100.46,107.48,113.79
100.43,107.45,113.76
100.42,107.43,113.72
100.39,107.42,113.71
100.40,107.42,113.70
100.39,107.41,113.73
100.37,107.40,113.71
100.35,107.38,113.69
100.34,107.37,113.66
100.35,107.37,113.66
100.35,107.37,113.68
100.35,107.37,113.69
100.33,107.37,113.67
100.32,107.35,113.65
100.32,107.36,113.64
100.33,107.35,113.65
100.33,107.36,113.67
100.32,107.34,113.66
100.32,107.36,113.65
100.30,107.34,113.64
100.34,107.37,113.66
100.33,107.36,113.67
100.33,107.36,113.66
100.31,107.34,113.66
100.31,107.35,113.65
100.32,107.36,113.67
100.36,107.38,113.66
100.33,107.36,113.66
100.32,107.34,113.65
100.30,107.34,113.67
100.31,107.35,113.65
100.33,107.37,113.67
100.35,107.38,113.68
100.32,107.36,113.67
100.31,107.34,113.66
100.31,107.33,113.64
100.31,107.36,113.68
100.35,107.38,113.68
100.36,107.38,113.69
100.33,107.35,113.66
100.31,107.35,113.65
100.30,107.36,113.64
100.34,107.37,113.67
100.35,107.39,113.70
100.34,107.37,113.66
100.32,107.35,113.66
100.31,107.35,113.63
100.31,107.36,113.65
100.34,107.37,113.67
100.35,107.38,113.68
100.32,107.36,113.65
100.31,107.35,113.64
100.31,107.35,113.62
100.33,107.37,113.63
100.34,107.37,113.67
100.32,107.36,113.66
100.31,107.34,113.64
100.32,107.34,113.61
100.31,107.35,113.63
100.33,107.37,113.66
100.35,107.37,113.67
100.32,107.36,113.66
100.32,107.35,113.64
100.31,107.35,113.62
100.31,107.34,113.63
100.33,107.36,113.67
100.33,107.35,113.66
100.32,107.36,113.66
100.31,107.34,113.63
100.33,107.37,113.64
100.34,107.36,113.66
100.33,107.36,113.65
100.31,107.34,113.64
100.30,107.36,113.64
100.30,107.35,113.63
100.32,107.36,113.62
100.33,107.35,113.64
100.31,107.33,113.63
100.30,107.32,113.62
100.29,107.32,113.60
100.30,107.34,113.62
100.32,107.36,113.62
100.32,107.33,113.61
100.28,107.31,113.58
100.27,107.30,113.57
100.26,107.30,113.58
100.28,107.31,113.57
100.29,107.31,113.58
100.25,107.27,113.54
100.21,107.24,113.52
100.21,107.22,113.48
100.21,107.22,113.48
100.20,107.22,113.48
100.19,107.19,113.45
100.15,107.16,113.39
100.11,107.11,113.34
100.09,107.11,113.33
100.10,107.11,113.33
100.10,107.12,113.35
100.08,107.09,113.35
100.09,107.10,113.34
100.08,107.10,113.34
100.12,107.14,113.41
100.15,107.18,113.47
100.19,107.21,113.51
100.21,107.25,113.56
100.26,107.29,113.57
100.29,107.34,113.63
100.35,107.40,113.70
100.39,107.44,113.78
100.42,107.48,113.82
100.45,107.50,113.84
100.48,107.53,113.83
100.50,107.53,113.85
100.50,107.54,113.87
100.49,107.52,113.85
100.46,107.50,113.82
100.43,107.48,113.78
100.42,107.46,113.74
100.41,107.44,113.73
100.40,107.42,113.71
100.35,107.39,113.69
100.34,107.37,113.66
100.31,107.36,113.63
100.31,107.35,113.61
100.31,107.33,113.62
100.27,107.27,113.55
100.21,107.22,113.50
100.16,107.18,113.43
100.14,107.17,113.41
100.13,107.14,113.39
100.11,107.10,113.35
100.04,107.06,113.32
100.03,107.04,113.30
100.02,107.05,113.29
100.06,107.08,113.34
100.10,107.12,113.40
100.11,107.13,113.42
100.13,107.17,113.46
100.18,107.21,113.49
100.23,107.29,113.58
100.29,107.36,113.67
100.38,107.42,113.74
100.41,107.46,113.77
100.44,107.50,113.81
100.47,107.53,113.84
100.51,107.56,113.87
100.54,107.59,113.91
100.54,107.58,113.89
100.53,107.57,113.87
100.51,107.54,113.81
100.49,107.53,113.80
100.47,107.51,113.79
100.44,107.48,113.78
100.42,107.46,113.74
100.40,107.43,113.69
100.36,107.40,113.66
100.36,107.39,113.66
100.36,107.39,113.67
100.32,107.35,113.64
100.30,107.34,113.63
100.30,107.34,113.61
100.32,107.36,113.61
100.30,107.34,113.62
100.30,107.34,113.63
100.29,107.32,113.62
100.30,107.34,113.60
100.29,107.36,113.59
100.35,107.39,113.59
100.34,107.38,113.60
100.32,107.35,113.58
100.30,107.34,113.57
100.29,107.34,113.57
100.32,107.37,113.58
100.33,107.37,113.58
100.32,107.33,113.57
100.30,107.32,113.57
100.28,107.30,113.52
100.27,107.31,113.52
100.29,107.32,113.53
100.30,107.33,113.52
100.26,107.29,113.50
100.24,107.27,113.49
100.22,107.26,113.47
100.24,107.28,113.49
100.25,107.29,113.50
100.25,107.26,113.47
100.21,107.23,113.45
100.18,107.22,113.41
100.18,107.22,113.42
100.21,107.22,113.43
100.21,107.23,113.44
100.18,107.19,113.41
100.15,107.17,113.36
100.14,107.17,113.34
100.15,107.17,113.35
100.14,107.16,113.37
100.14,107.16,113.36
100.14,107.14,113.34
100.12,107.13,113.30
100.10,107.12,113.31
100.12,107.13,113.33
100.13,107.14,113.35
100.12,107.13,113.36
100.13,107.13,113.35
100.12,107.14,113.33
100.13,107.16,113.35
100.14,107.18,113.40
100.15,107.18,113.41
100.17,107.19,113.43
100.19,107.22,113.43
100.21,107.25,113.46
100.26,107.29,113.53
100.28,107.31,113.57
100.29,107.32,113.59
100.29,107.34,113.61
100.32,107.39,113.65
100.38,107.42,113.69
100.41,107.47,113.73
100.41,107.45,113.74
100.41,107.47,113.76
100.41,107.48,113.75
100.45,107.53,113.80
100.48,107.54,113.82
100.50,107.56,113.83
100.48,107.53,113.84
100.49,107.54,113.81
100.49,107.55,113.82
100.51,107.57,113.84
100.52,107.57,113.88
100.51,107.57,113.84
100.49,107.53,113.81
100.48,107.54,113.81
100.50,107.56,113.83
100.51,107.57,113.85
100.51,107.56,113.85
100.49,107.55,113.83
100.47,107.52,113.80
100.46,107.53,113.79
100.48,107.55,113.82
100.49,107.56,113.84
100.49,107.54,113.82
100.49,107.53,113.80
100.46,107.51,113.78
100.49,107.54,113.80
100.49,107.55,113.83
100.51,107.54,113.84
100.49,107.54,113.83
100.50,107.54,113.80
100.49,107.55,113.81
100.50,107.55,113.83
100.51,107.56,113.86
100.50,107.54,113.84
100.49,107.55,113.84
100.50,107.56,113.82
100.50,107.56,113.82
100.50,107.55,113.83
100.51,107.54,113.82
100.48,107.52,113.82
100.46,107.51,113.76
100.45,107.50,113.75
100.43,107.48,113.69
100.41,107.44,113.69
100.36,107.39,113.65
100.33,107.36,113.58
100.30,107.34,113.55
100.29,107.32,113.53
100.27,107.30,113.51
100.22,107.24,113.44
100.18,107.20,113.42
100.16,107.17,113.36
100.13,107.17,113.35
100.14,107.16,113.35
100.14,107.14,113.32
100.09,107.10,113.30
100.08,107.10,113.30
100.07,107.10,113.27
100.09,107.12,113.31
100.11,107.13,113.33
100.11,107.12,113.31
100.11,107.11,113.32
100.09,107.11,113.29
100.11,107.14,113.33
100.11,107.15,113.36
100.14,107.18,113.39
100.14,107.17,113.38
100.13,107.16,113.37
100.13,107.18,113.38
100.16,107.21,113.40
100.19,107.22,113.45
100.20,107.22,113.44
100.17,107.21,113.43
100.18,107.22,113.41
100.19,107.22,113.42
100.21,107.23,113.44
100.21,107.23,113.46
100.20,107.23,113.46
100.20,107.22,113.45
100.20,107.24,113.43
100.21,107.23,113.44
100.21,107.24,113.45
100.20,107.22,113.45
100.21,107.23,113.46
100.19,107.22,113.42
100.20,107.24,113.44
100.20,107.22,113.44
100.20,107.22,113.44
100.18,107.21,113.44
100.17,107.21,113.43
100.17,107.21,113.42
100.19,107.22,113.41
100.18,107.21,113.43
100.17,107.19,113.40
100.16,107.19,113.41
100.14,107.17,113.38
100.17,107.20,113.41
100.18,107.21,113.41
100.18,107.20,113.41
100.15,107.17,113.39
100.13,107.16,113.37
100.14,107.19,113.39
100.17,107.21,113.41
100.20,107.22,113.42
100.17,107.19,113.41
100.16,107.19,113.41
100.15,107.19,113.39
100.18,107.21,113.41
100.20,107.23,113.44
100.21,107.23,113.44
100.21,107.23,113.45
100.20,107.22,113.42
100.20,107.24,113.45
100.23,107.27,113.46
100.25,107.29,113.50
100.25,107.29,113.49
100.24,107.28,113.50
100.23,107.28,113.48
100.26,107.30,113.51
100.28,107.32,113.53
100.28,107.32,113.54
100.27,107.31,113.53
100.27,107.31,113.51
100.27,107.32,113.52
100.28,107.33,113.54
100.30,107.33,113.56
100.28,107.33,113.56
100.30,107.34,113.56
100.29,107.33,113.52
100.30,107.34,113.54
100.30,107.35,113.57
100.30,107.35,113.58
100.28,107.33,113.57
100.29,107.33,113.54
100.30,107.35,113.56
100.32,107.36,113.56
100.32,107.35,113.59
100.31,107.34,113.59
100.29,107.34,113.57
100.29,107.35,113.55
100.31,107.36,113.56
100.32,107.36,113.59
100.31,107.35,113.60
100.31,107.35,113.59
100.30,107.34,113.55
100.30,107.36,113.58
100.32,107.37,113.58
100.32,107.37,113.59
100.30,107.33,113.58
100.29,107.32,113.55
100.29,107.34,113.56
100.32,107.36,113.57
100.32,107.35,113.60
100.32,107.35,113.57
100.30,107.34,113.57
100.30,107.35,113.54
100.31,107.36,113.57
100.33,107.38,113.59
100.34,107.38,113.60
100.32,107.36,113.58
100.31,107.35,113.56
100.29,107.36,113.56
100.32,107.38,113.60
100.34,107.40,113.62
100.33,107.38,113.60
100.32,107.37,113.60
100.32,107.35,113.57
100.34,107.38,113.59
100.35,107.38,113.61
100.36,107.39,113.63
100.33,107.38,113.61
100.34,107.38,113.58
100.32,107.37,113.58
100.34,107.39,113.60
100.35,107.39,113.64
100.34,107.39,113.61
100.33,107.38,113.61
100.32,107.38,113.58
100.32,107.38,113.59
100.33,107.40,113.62
100.34,107.38,113.63
100.33,107.38,113.62
100.33,107.38,113.60
100.33,107.38,113.60
100.35,107.39,113.61
100.36,107.40,113.65
100.34,107.38,113.64
100.34,107.39,113.65
100.32,107.38,113.60
100.36,107.40,113.61
100.36,107.40,113.63
100.36,107.39,113.62
100.32,107.37,113.60
100.32,107.36,113.59
100.31,107.38,113.60
100.35,107.39,113.59
100.35,107.39,113.60
100.32,107.38,113.58
100.29,107.37,113.57
100.29,107.36,113.54
100.31,107.38,113.56
100.33,107.38,113.57
100.32,107.36,113.56
100.30,107.34,113.55
100.28,107.34,113.52
100.30,107.35,113.54
100.30,107.37,113.56
100.32,107.38,113.57
100.29,107.34,113.54
100.28,107.32,113.51
100.25,107.31,113.50
100.27,107.32,113.51
100.27,107.32,113.52
100.25,107.29,113.48
100.21,107.25,113.42
100.18,107.21,113.37
100.16,107.20,113.37
100.14,107.18,113.36
100.13,107.16,113.35
100.11,107.14,113.31
100.09,107.11,113.27
100.05,107.10,113.25
100.08,107.11,113.27
100.08,107.12,113.30
100.08,107.12,113.29
100.08,107.12,113.31
100.11,107.13,113.31
100.12,107.18,113.34
100.16,107.21,113.40
100.20,107.25,113.46
100.21,107.27,113.51
100.26,107.32,113.55
100.28,107.37,113.60
100.36,107.42,113.65
100.38,107.46,113.72
100.39,107.47,113.73
100.41,107.48,113.76
100.41,107.49,113.74
100.46,107.52,113.78
100.45,107.53,113.78
100.45,107.50,113.77
100.41,107.47,113.75
100.39,107.45,113.73
100.37,107.45,113.69
100.38,107.45,113.68
100.38,107.44,113.69
100.34,107.39,113.64
100.30,107.37,113.61
100.29,107.34,113.58
100.30,107.36,113.59
100.30,107.36,113.62
100.32,107.38,113.59
100.29,107.33,113.58
100.27,107.31,113.54
100.25,107.31,113.53
100.26,107.32,113.53
100.26,107.30,113.53
100.23,107.27,113.47
100.20,107.23,113.44
100.16,107.19,113.39
100.14,107.19,113.38
100.14,107.18,113.38
100.12,107.15,113.35
100.09,107.12,113.32
100.06,107.09,113.26
100.03,107.07,113.25
100.04,107.07,113.25
100.05,107.07,113.26
100.02,107.06,113.25
100.02,107.06,113.26
100.02,107.06,113.24
100.05,107.09,113.27
100.08,107.12,113.32
100.09,107.14,113.36
100.11,107.18,113.39
100.15,107.21,113.41
100.19,107.27,113.45
100.25,107.31,113.51
100.29,107.36,113.59
100.32,107.39,113.65
100.36,107.43,113.69
100.39,107.48,113.70
100.46,107.53,113.75
100.50,107.56,113.80
100.50,107.57,113.82
100.49,107.56,113.82
100.49,107.54,113.80
100.50,107.58,113.80
100.50,107.57,113.78
100.51,107.55,113.79
100.45,107.50,113.72
100.42,107.48,113.69
100.39,107.44,113.65
100.39,107.44,113.63
100.37,107.42,113.62
100.34,107.38,113.58
100.30,107.35,113.56
100.28,107.32,113.52
100.29,107.35,113.55
100.29,107.35,113.55
100.29,107.33,113.54
100.25,107.29,113.49
100.21,107.25,113.44
100.18,107.24,113.40
100.17,107.20,113.37
100.15,107.19,113.37
100.12,107.13,113.31
100.08,107.11,113.28
100.04,107.07,113.22
100.06,107.09,113.26
100.07,107.10,113.29
100.10,107.13,113.33
100.09,107.15,113.35
100.13,107.19,113.37
100.17,107.22,113.42
100.24,107.30,113.51
100.30,107.37,113.60
100.34,107.40,113.66
100.37,107.46,113.69
100.42,107.49,113.71
100.46,107.53,113.75
100.48,107.56,113.78
100.48,107.55,113.80
100.48,107.54,113.76
100.46,107.53,113.74
100.44,107.51,113.71
100.44,107.49,113.70
100.43,107.48,113.71
100.40,107.45,113.66
100.36,107.43,113.65
100.35,107.42,113.61
100.37,107.43,113.61
100.37,107.42,113.61
100.34,107.39,113.60
100.32,107.37,113.59
100.31,107.36,113.57
100.30,107.36,113.55
100.32,107.36,113.54
100.31,107.35,113.54
100.28,107.31,113.50
100.24,107.28,113.47
100.21,107.26,113.44
100.23,107.26,113.43
100.22,107.26,113.43
100.20,107.23,113.39
100.16,107.18,113.35
100.12,107.16,113.32
100.12,107.16,113.31
100.12,107.16,113.33
100.12,107.15,113.33
100.09,107.12,113.28
100.06,107.09,113.25
100.04,107.07,113.22
100.04,107.07,113.23
100.05,107.08,113.26
100.05,107.08,113.25
100.03,107.06,113.23
100.01,107.05,113.20
100.01,107.06,113.22
100.04,107.07,113.23
100.06,107.09,113.27
100.04,107.09,113.26
100.05,107.09,113.26
100.06,107.11,113.26
100.08,107.12,113.29
100.10,107.15,113.32
100.10,107.15,113.35
100.11,107.16,113.36
100.11,107.16,113.33
100.14,107.19,113.36
100.17,107.21,113.40
100.20,107.24,113.44
100.18,107.23,113.43
100.19,107.25,113.43
100.19,107.26,113.44
100.23,107.29,113.47
100.24,107.29,113.49
100.24,107.28,113.49
100.22,107.27,113.49
100.22,107.28,113.47
100.24,107.29,113.48
100.25,107.30,113.48
100.25,107.29,113.48
100.22,107.26,113.46
100.19,107.25,113.45
100.20,107.25,113.44
100.22,107.28,113.46
100.25,107.29,113.46
100.22,107.26,113.46
100.20,107.25,113.45
100.20,107.25,113.44
100.21,107.27,113.46
100.22,107.28,113.49
100.24,107.29,113.48
100.23,107.28,113.48
100.23,107.28,113.47
100.22,107.28,113.48
100.26,107.31,113.52
100.29,107.33,113.55
100.30,107.34,113.55
100.28,107.34,113.55
100.27,107.32,113.53
100.29,107.35,113.56
100.33,107.38,113.61
